"","v_31_0_0","age","tismri_TIV","tismri_volr01","tismri_volr02","tismri_volr03","classic_bone_med","main_sBMDH","sROI_bonecortex01","sROI_bonecortex02","sROI_bonecortex03","sROI_bonecortex04","sROI_bonecortex05","sROI_bonecortex06","sROI_bonecortex07","sROI_bonecortex08","sROI_bonecortex09","vROI_bonecortex03","sROI_bonethickness01","sROI_bonethickness02","sROI_bonethickness03","sROI_bonethickness04","sROI_bonethickness05","sROI_bonethickness06","sROI_bonethickness07","sROI_bonethickness08","sROI_bonethickness09","v_23226_2_0","v_23239_2_0","v_23300_2_0","v_51_2_0","v_50_2_0","sROI_headthickness01","sROI_headthickness02","sROI_headthickness03","sROI_headthickness04","sROI_headthickness05","sROI_headthickness06","sROI_headthickness07","sROI_headthickness08","sROI_headthickness09","tis_head","v_21001_2_0","v_22407_2_0","v_22408_2_0","v_23099_2_0","WHR","WHtR","v_874_2_0","v_894_2_0","v_914_2_0","v_20162_2_0","r_alcohol"
"v_31_0_0",1,0.0758084551616756,0.723914463254094,-0.340567002328934,-0.0828824288462334,0.295987240652952,-0.0765982637836339,0.219960223027027,-0.20360271820932,-0.127025242221417,-0.219960223027027,-0.258006475350222,-0.0982904949116289,-0.0457019269763744,0.0791443976652635,-0.258089609977911,-0.131816102484838,0.193747311251937,-0.0203031114233429,-0.117582067321343,0.182388516276216,0.0134130088846224,-0.15653245062861,-0.0402875247076602,0.135252469752542,0.0316411221564719,-0.248092175103085,0.111786617696698,0.231118047117813,0.0238884566822213,0.653192021911374,0.73952590414847,0.413038917085606,0.181280010752373,0.606235422643335,0.256780139350279,-0.0121832518741145,0.264518935559206,0.0669992238429885,0.2970607300203,-0.0976357540121764,-0.0509951232025423,0.150130788025254,0.495779015870497,-0.357266839968087,-0.684906288815145,0.709216657537632,0.247341148758713,0.0309175902273655,-0.0244145908046752,0.0277343024514287,0.0416467093727652,0.105387062488771
"age",0.0758084551616756,1,0.0487715401840819,-0.513655543267677,-0.27895615571699,0.515582533438346,0.242268565665667,-0.194840008609653,0.248163008091873,0.238843277802939,0.194840008609653,0.252092779047086,0.246555412079674,0.245419017956404,0.284444546551276,0.233227803081264,0.244446528647674,0.223012436240021,0.100081358606988,-0.033535660395145,0.147227386070558,0.0647333391823419,0.118614545622285,0.158932178611834,0.247515968849362,0.0696199145058898,0.10543329996109,-0.105733299695293,-0.133634312503842,-0.150092800764242,-0.0813857728949562,-0.038000482672991,0.00826169254191983,-0.0937835330134503,0.0294242230156732,-0.056316696535906,0.0202837216386246,0.0662178105073934,-0.00649028908690035,-0.0523287994575763,0.0529376878015472,0.129898090209036,0.0152812581406984,0.0984701969892783,-0.0344125688780616,-0.0188045464448983,0.106599830062909,0.100020237482994,-0.00131505959822207,0.166850482116398,-0.0385640845814788,0.0523399270289666,0.0945662260329005
"tismri_TIV",0.723914463254094,0.0487715401840819,1,-0.372818064654269,-0.02988773733186,0.288291727161438,-0.0489081078041514,0.213091344872548,-0.181073872729055,-0.111062549381756,-0.213091344872548,-0.225240084594829,-0.0972392317855455,-0.0379299896021381,0.0610716652406836,-0.213774445308407,-0.120366741004471,0.145088937794274,0.133334733934856,0.0106272083286041,0.29834603914184,0.152125696796862,-0.00215384033476293,0.034040922491869,0.104311865019839,0.174977833576238,-0.109632203499102,0.195907203196698,0.276037722865836,0.0944583467417218,0.584636971895884,0.664376488224068,0.353848594833328,0.171128169096628,0.492977739767072,0.249110640057279,-0.00145339950572189,0.215286549161707,0.071053314332274,0.279882588637658,-0.040994093609005,-0.0313428129796114,0.168856276053341,0.390300368496676,-0.20107418469352,-0.475017743308239,0.546704688959315,0.207582782440052,-0.038230191165813,-0.0661480635061909,0.0520891090517975,0.0402811515705397,0.125635648062727
"tismri_volr01",-0.340567002328934,-0.513655543267677,-0.372818064654269,1,0.250629598976924,-0.862013093080073,0.0252266328888422,-0.044226635050984,-0.0234829936133909,-0.0937552776726059,0.044226635050984,-0.0283867036143329,0.024615204347169,-0.065025821873653,-0.138724706121691,-0.0325218435980933,0.0337874250451411,-0.149693349326884,0.0635967838408462,0.240640082787156,-0.131662788370807,0.068443415721621,0.00654229878949169,-0.0383565616998233,-0.259709719690124,0.0643351569986444,0.11784903016968,-0.0550165878717807,-0.0579181796497323,0.0266591784058097,-0.150922331682416,-0.229571895191237,-0.202592605552938,-0.0324945130066725,-0.304170653153374,-0.177834821473839,0.0134690270365532,-0.11657052609708,0.0803508544646243,-0.203473241829587,0.0639379582181981,-0.156803427453487,-0.157194029404645,-0.268660306667224,0.0532700604758737,0.178072125123016,-0.315009663696531,-0.218039184613281,-0.00197033890052001,-0.0491793955182376,0.00925465684663132,-0.110419558615947,-0.177190129800655
"tismri_volr02",-0.0828824288462334,-0.27895615571699,-0.02988773733186,0.250629598976924,1,-0.683021845460591,-0.15883735765951,0.0231392962588715,-0.0504959214014398,-0.0529200597045246,-0.0231392962588715,-0.0476169641808391,-0.0341954299672678,-0.112405712962693,-0.141996195652127,-0.0359704103200905,-0.0410097486104234,-0.172342191672959,-0.0488165489957633,0.0525037508875237,-0.136419325483426,-0.0637417058736552,-0.018479584117074,-0.0642732102715118,-0.245766075008617,-0.0501556194152151,0.0595844868040053,-0.0334578201998291,0.00136500017663428,0.0421542047480384,-0.0229503011971349,-0.0444627877862629,-0.0306149359104425,-0.00845975714334586,-0.0672799442587179,-0.109836209270171,0.0721269077548853,-0.0317094929612934,0.17955164616558,-0.11816624931148,0.0922500465390304,-0.238887427864637,-0.088981151381596,-0.138063432223022,-0.0334881710365028,-0.00117346905717685,-0.117999397684218,-0.119389150853182,0.0359824709379493,0.00252075606757284,0.0736341705307829,-0.0938307791150002,-0.0800046280540919
"tismri_volr03",0.295987240652952,0.515582533438346,0.288291727161438,-0.862013093080073,-0.683021845460591,1,0.0433965741895692,0.0417428213625614,0.021370908453088,0.079014174017179,-0.0417428213625614,0.0246792541048679,-0.0224130253187045,0.0810784015066368,0.154649780317282,0.0219793188714424,-0.0266161515328152,0.184841283585977,-0.0307272292370098,-0.205821006941477,0.15866624252978,-0.0279018695738836,-0.00645214556903231,0.0564107794423264,0.323301852555806,-0.0318728685267828,-0.127295065926863,0.0682569498134322,0.051237191485176,-0.0330841311522232,0.129096788365813,0.200159684283856,0.16998188004707,0.0359776445696141,0.265296889835589,0.199552838731894,-0.0542615963287211,0.0961972867751155,-0.157337949272303,0.223689878368889,-0.101323374502078,0.240659091124415,0.162805698827112,0.270827265444308,-0.0201144562086462,-0.131462455660201,0.294903321042054,0.223760759199795,-0.0254406571873693,0.0388945833258636,-0.0430626115149643,0.136620531028018,0.167475565475349
"classic_bone_med",-0.0765982637836339,0.242268565665667,-0.0489081078041514,0.0252266328888422,-0.15883735765951,0.0433965741895692,1,-0.81221417723114,0.828884151309143,0.736627239430452,0.81221417723114,0.760659508778913,0.790047077386292,0.818078130128606,0.757811464201592,0.765175226456207,0.800112120963261,0.753796995787412,0.429164681439241,0.300290784649233,0.282905186920415,0.456730741423045,0.292544138611305,0.245965439880286,0.129912810768747,0.423668920368388,0.312803336184087,-0.590198629810812,-0.545247626491804,-0.360030193714364,-0.092251209357571,-0.127013700189629,-0.11549139462632,-0.137377337347898,-0.141219320520509,-0.198927507718372,0.0514566662557565,0.0285713669427863,-0.00464079835084053,-0.205378600730614,0.117184562762248,0.12230346787354,-0.0235590438598288,0.0216831340657031,0.0367143303316231,0.0941036645207064,-0.00154903317407158,0.0243602532218604,0.00669410242994553,0.0257009343197724,-0.0236684120537103,0.0650815238350469,0.0529797499633058
"main_sBMDH",0.219960223027027,-0.194840008609653,0.213091344872548,-0.044226635050984,0.0231392962588715,0.0417428213625614,-0.81221417723114,1,-0.953427890191008,-0.857892248859357,-1,-0.904603286243815,-0.819660205686911,-0.774545499621885,-0.715550587880946,-0.906724140750004,-0.854187370823926,-0.693674066695276,-0.182016750990181,-0.0945665672202386,-0.072306765998797,-0.21546340480965,-0.176987234800139,-0.181748154908337,-0.027219691508735,-0.173818073527861,-0.191027812493909,0.701440843621243,0.676278310585125,0.438273381459006,0.210385981659657,0.239173974982723,0.227639824517179,0.15166749553778,0.255202547341633,0.254571078178693,-0.00967431331540106,0.090792014943981,0.037333996854167,0.270133044500169,-0.0670896869962899,-0.0585863260839615,0.103314821098769,0.106850135417473,-0.0259193005287228,-0.140300627603868,0.139153138153306,0.0680196894048209,0.00234946941689212,-0.00272990643476178,0.0127299635119515,-0.0299764785866308,-0.0478769826036649
"sROI_bonecortex01",-0.20360271820932,0.248163008091873,-0.181073872729055,-0.0234829936133909,-0.0504959214014398,0.021370908453088,0.828884151309143,-0.953427890191008,1,0.93564069620361,0.953427890191008,0.970433685394941,0.850917478463374,0.846161700165376,0.775558081279544,0.971772140747073,0.880648839915325,0.692947383122027,0.212934987815486,0.106185156810817,0.118062891648251,0.256970648352727,0.182674316928591,0.161411211413408,0.0312976413770065,0.214230953286777,0.194616202584914,-0.661039059688446,-0.656248481998169,-0.434116127885222,-0.195717283763383,-0.229322599953188,-0.198049749740737,-0.142396522678618,-0.231650054941022,-0.236379642911288,0.0234824123295334,-0.0433968294214979,-0.0131359571703635,-0.245839865529035,0.0695250583767731,0.094172039304332,-0.0745956791981706,-0.0719497997860543,0.0469862468400708,0.148413242141446,-0.105531692365062,-0.0316481517764396,0.00372257291113865,0.0123452605134249,-0.0167743105275795,0.0441028763643623,0.0584293965841344
"sROI_bonecortex02",-0.127025242221417,0.238843277802939,-0.111062549381756,-0.0937552776726059,-0.0529200597045246,0.079014174017179,0.736627239430452,-0.857892248859357,0.93564069620361,1,0.857892248859357,0.890483445301455,0.750515321302871,0.780876911550444,0.735921186798118,0.889635969674685,0.782408531548102,0.637014307784261,0.161259554248112,0.0412504067293005,0.104154956400884,0.217638547070936,0.139986596641654,0.13812629843739,0.0331474852683144,0.175013397493185,0.127117482786541,-0.594862938460196,-0.592627513304262,-0.401973169741459,-0.121123037826485,-0.148977419759821,-0.160066287368366,-0.0966009262752892,-0.184821951040872,-0.185013608843309,0.0172773648233995,-0.0362225931980403,-0.0182608347938684,-0.185807532566602,0.038312245805921,0.0773028282274776,-0.0676587870308335,-0.0455441784806988,0.0140315372830936,0.0806865231721288,-0.0573400992115445,-0.0204844838263149,0.00499161167354405,0.000948172811367307,-0.0198085882835397,0.0499254576448983,0.0883017908771602
"sROI_bonecortex03",-0.219960223027027,0.194840008609653,-0.213091344872548,0.044226635050984,-0.0231392962588715,-0.0417428213625614,0.81221417723114,-1,0.953427890191008,0.857892248859357,1,0.904603286243815,0.819660205686911,0.774545499621885,0.715550587880946,0.906724140750004,0.854187370823926,0.693674066695276,0.182016750990181,0.0945665672202386,0.072306765998797,0.21546340480965,0.176987234800139,0.181748154908337,0.027219691508735,0.173818073527861,0.191027812493909,-0.701440843621243,-0.676278310585125,-0.438273381459006,-0.210385981659657,-0.239173974982723,-0.227639824517179,-0.15166749553778,-0.255202547341633,-0.254571078178693,0.00967431331540106,-0.090792014943981,-0.037333996854167,-0.270133044500169,0.0670896869962899,0.0585863260839615,-0.103314821098769,-0.106850135417473,0.0259193005287228,0.140300627603868,-0.139153138153306,-0.0680196894048209,-0.00234946941689212,0.00272990643476178,-0.0127299635119515,0.0299764785866308,0.0478769826036649
"sROI_bonecortex04",-0.258006475350222,0.252092779047086,-0.225240084594829,-0.0283867036143329,-0.0476169641808391,0.0246792541048679,0.760659508778913,-0.904603286243815,0.970433685394941,0.890483445301455,0.904603286243815,1,0.769083894780423,0.768171159588803,0.703284385705758,0.972689346809213,0.808354433290894,0.627655104653853,0.163404789896872,0.0732887083958574,0.06554985923157,0.205036600241815,0.176775479868779,0.152400611206393,0.0265941182477833,0.166452272389243,0.165796000524354,-0.630883795973874,-0.639712653648017,-0.42012735465602,-0.231664127072384,-0.268779016876341,-0.238942164456553,-0.154777546389805,-0.27914760749281,-0.246925411558381,0.0111233359931569,-0.0727211671742489,-0.0330230599485951,-0.257776240829173,0.0369498787070008,0.103069779141652,-0.0800007089609309,-0.096854652390335,0.0743707522197344,0.195188933757687,-0.147437805200591,-0.0454396343029856,0.0105563576132365,0.0212026186050104,-0.0254578086690875,0.049778510310732,0.0442619267547074
"sROI_bonecortex05",-0.0982904949116289,0.246555412079674,-0.0972392317855455,0.024615204347169,-0.0341954299672678,-0.0224130253187045,0.790047077386292,-0.819660205686911,0.850917478463374,0.750515321302871,0.819660205686911,0.769083894780423,1,0.783595108631755,0.718267056775305,0.777609631862257,0.922510668946943,0.635966850928026,0.267236329837995,0.154490914936393,0.190238770017568,0.286456840268863,0.106042514263439,0.161671704478416,0.0315502914228106,0.258048525526981,0.268082661788177,-0.58436434516748,-0.551469718366562,-0.381066633954639,-0.143193028536399,-0.156908079991139,-0.081316996931853,-0.119082340380973,-0.0992819007686282,-0.200779169433962,0.0748416495186714,0.00203384961349682,0.0254813187434954,-0.20972285252722,0.181476169652455,0.0768799638194617,-0.0476795657011715,-0.0132105170151463,0.0152038785369844,0.078105072199478,-0.00763495515430118,0.017728744095671,-0.000693557779106454,0.00507938497483673,-0.00708897371813903,0.031809593381689,0.0456243371350137
"sROI_bonecortex06",-0.0457019269763744,0.245419017956404,-0.0379299896021381,-0.065025821873653,-0.112405712962693,0.0810784015066368,0.818078130128606,-0.774545499621885,0.846161700165376,0.780876911550444,0.774545499621885,0.768171159588803,0.783595108631755,1,0.814538492036054,0.778558423252416,0.787488294356624,0.693759527131234,0.381477623654111,0.255488768967736,0.319965476794711,0.416941129525123,0.229994310582419,0.070294703859305,0.0472004456086197,0.387316867645589,0.254166223328576,-0.477208400917932,-0.477606975963949,-0.345270762279005,-0.109500730459363,-0.149336565769537,-0.00745011066279369,-0.0327823643873217,-0.0460887799475507,-0.115229571835512,0.0591165489647668,0.158841270251894,0.0949921953551142,-0.118144415524443,0.106870185083917,0.156172506627662,0.0541445194995123,0.0699785538727653,0.0557546296411173,0.0880298984894774,0.054067804281793,0.0980160693562962,0.0144838699995548,-0.00301697735018995,0.0123766155310029,0.0814910870386424,0.0475708668893267
"sROI_bonecortex07",0.0791443976652635,0.284444546551276,0.0610716652406836,-0.138724706121691,-0.141996195652127,0.154649780317282,0.757811464201592,-0.715550587880946,0.775558081279544,0.735921186798118,0.715550587880946,0.703284385705758,0.718267056775305,0.814538492036054,1,0.703785810943731,0.727538912810296,0.68318393007166,0.341191491680527,0.210202079117568,0.287856708756539,0.38163058162566,0.211820954234003,0.170157204154652,0.093172066571758,0.352293284427118,0.18439188881507,-0.463893855029121,-0.459679657164364,-0.349922905895175,-0.00130452248214272,-0.00848769433949136,-0.0193650272078642,-0.0916632560116833,0.00158814820276165,-0.0912250382658834,0.0321521577879575,0.057704467343646,-0.000597630821742415,-0.0905768467170132,0.046249179453877,0.123861767911286,0.00161464133638607,0.0956547778122894,-0.0141804404981065,-0.0204548824489067,0.122186545648215,0.0707127519130435,0.00862634559850909,-0.00961794992218941,-0.0389596866250796,0.0845339132259913,0.107627952920334
"sROI_bonecortex08",-0.258089609977911,0.233227803081264,-0.213774445308407,-0.0325218435980933,-0.0359704103200905,0.0219793188714424,0.765175226456207,-0.906724140750004,0.971772140747073,0.889635969674685,0.906724140750004,0.972689346809213,0.777609631862257,0.778558423252416,0.703785810943731,1,0.808964583097888,0.632915334903737,0.169370157164985,0.0766104705251298,0.0728562775274733,0.215481119368138,0.1723102234525,0.157312779203046,0.0285073614279233,0.168928554059622,0.17272524202464,-0.63436808681023,-0.64032261679038,-0.408668990489488,-0.223066126520482,-0.257782269077584,-0.235317241323141,-0.162152282743796,-0.272397576955807,-0.250826024796576,0.00177359020457265,-0.0624541845063772,-0.022613061701001,-0.262415316756734,0.0419804523001135,0.0954631157655841,-0.0855046408995199,-0.103643881274688,0.0717039608373534,0.185512845765809,-0.152509552665508,-0.0528395686873521,-0.00119240854347373,0.0198927524934875,-0.016713403721238,0.0395707284311383,0.0467061158662972
"sROI_bonecortex09",-0.131816102484838,0.244446528647674,-0.120366741004471,0.0337874250451411,-0.0410097486104234,-0.0266161515328152,0.800112120963261,-0.854187370823926,0.880648839915325,0.782408531548102,0.854187370823926,0.808354433290894,0.922510668946943,0.787488294356624,0.727538912810296,0.808964583097888,1,0.630488495921703,0.262169044561008,0.150765127206646,0.171932186922559,0.287480185422824,0.178338423495459,0.179789463367991,0.0370615949616829,0.256275424454022,0.203281173610054,-0.60273842287499,-0.5840535437826,-0.399895703062557,-0.145491223777469,-0.178270720144187,-0.131281591936815,-0.148200939445337,-0.158662587401187,-0.227549115880042,0.0808975992926599,0.000345102460021595,0.0306586968680443,-0.23578384695869,0.12115269513309,0.0560905105339505,-0.077684698147003,-0.0474490803919735,0.00345585460665435,0.0839930096863503,-0.048993537609032,-0.0190071882790434,0.0214244572790387,0.0342527256783363,-0.00506964001178604,0.0105845436244871,0.0670922809094698
"vROI_bonecortex03",0.193747311251937,0.223012436240021,0.145088937794274,-0.149693349326884,-0.172342191672959,0.184841283585977,0.753796995787412,-0.693674066695276,0.692947383122027,0.637014307784261,0.693674066695276,0.627655104653853,0.635966850928026,0.693759527131234,0.68318393007166,0.632915334903737,0.630488495921703,1,0.337431820009707,0.221029429552961,0.338400770993661,0.371651887905247,0.136919324814192,0.236616293429946,0.239035131646983,0.336718441144965,0.0956736914507031,-0.453474055205454,-0.404571781632374,-0.295830900693263,0.0894666292223472,0.100195119588425,0.0573672962187604,0.052458195799049,0.122831653149512,0.0454364636162205,-0.0835350280531806,0.016153217316249,-0.0758147672734306,0.0478557704499244,-0.0371028756629741,0.246206339438233,0.139173558214551,0.257414265720336,0.0408003317379557,-0.030862678180223,0.251444189122084,0.184737890325873,-0.0454596520462593,-0.0233815650455459,-0.0365859486310511,0.102609299464222,0.087664531551174
"sROI_bonethickness01",-0.0203031114233429,0.100081358606988,0.133334733934856,0.0635967838408462,-0.0488165489957633,-0.0307272292370098,0.429164681439241,-0.182016750990181,0.212934987815486,0.161259554248112,0.182016750990181,0.163404789896872,0.267236329837995,0.381477623654111,0.341191491680527,0.169370157164985,0.262169044561008,0.337431820009707,1,0.848947753743074,0.844311125891928,0.923656969121631,0.567086691655996,0.594680833667001,0.404144383864438,0.922504840648081,0.481768749151205,0.284334534042664,0.141072746922858,0.0594137204044731,0.0230654828835688,-0.00313446956701626,0.0821748567754134,0.0409985526242834,0.105015032671701,0.0486441585029849,0.0214650779764921,0.0131877654933543,-0.0148484443184403,0.0330644081313304,0.0210520970730984,0.1375453220756,0.152490664566568,0.108209915247327,0.129864793721409,0.127604971224658,0.0729030068912287,0.131104677159617,-0.0598635345369717,-0.0448897909245201,0.0253141438218643,0.0490206603365171,-0.0494107155845752
"sROI_bonethickness02",-0.117582067321343,-0.033535660395145,0.0106272083286041,0.240640082787156,0.0525037508875237,-0.205821006941477,0.300290784649233,-0.0945665672202386,0.106185156810817,0.0412504067293005,0.0945665672202386,0.0732887083958574,0.154490914936393,0.255488768967736,0.210202079117568,0.0766104705251298,0.150765127206646,0.221029429552961,0.848947753743074,1,0.603917016198809,0.78299396560426,0.39197152941543,0.43399262327965,0.258991721049058,0.777774742441009,0.327774907941144,0.312964552192468,0.162826235084288,0.097569619716506,-0.0290201629595314,-0.0641460754734435,-0.00866811060426655,0.0485481505585954,0.0156044540088549,0.0456832861652805,-0.0569935404649204,-0.0561648605457197,-0.0602502409497598,0.0211411552975531,-0.0672294722716828,0.11845174423855,0.110152506675383,0.029011723361673,0.136689216350975,0.174013137551685,-0.0218017745592362,0.0687546322434075,-0.0471399034512061,-0.0492372389475417,-0.00493908050906635,0.017553884730704,-0.0635842765691189
"sROI_bonethickness03",0.182388516276216,0.147227386070558,0.29834603914184,-0.131662788370807,-0.136419325483426,0.15866624252978,0.282905186920415,-0.072306765998797,0.118062891648251,0.104154956400884,0.072306765998797,0.06554985923157,0.190238770017568,0.319965476794711,0.287856708756539,0.0728562775274733,0.171932186922559,0.338400770993661,0.844311125891928,0.603917016198809,1,0.768097461660572,0.417660023550087,0.514790804198818,0.405446690725137,0.767245727220426,0.269946480628613,0.367572080448135,0.230101017907079,0.0902047556170411,0.165611903072604,0.17992323111443,0.14042279616719,0.115657571394098,0.262789323651995,0.158868357455955,-0.118468287485838,0.0297695030022158,-0.0456896411163642,0.153018420167244,-0.143376477699584,0.165495636097521,0.243570864375782,0.250641822191885,0.0985570899488718,0.015515193207647,0.254308062462992,0.235839118839392,-0.043927090113501,-0.0212917906473146,0.048070667403149,0.0793657222780219,0.0108441392267049
"sROI_bonethickness04",0.0134130088846224,0.0647333391823419,0.152125696796862,0.068443415721621,-0.0637417058736552,-0.0279018695738836,0.456730741423045,-0.21546340480965,0.256970648352727,0.217638547070936,0.21546340480965,0.205036600241815,0.286456840268863,0.416941129525123,0.38163058162566,0.215481119368138,0.287480185422824,0.371651887905247,0.923656969121631,0.78299396560426,0.768097461660572,1,0.398275838043076,0.472601243731197,0.313652833874179,0.949119993861753,0.310144538874919,0.244386959449142,0.0836534861707745,0.0129329836313648,0.0670705418341729,0.0436411086898054,-0.00945635839253788,0.0317749987318986,0.0441909687704373,0.0508489884932262,-0.0788688677304592,-0.0390514077459549,-0.0663418789194686,0.0322795612815605,-0.107140986212291,0.101580522258242,0.101997515379165,0.0815801854539589,0.0805523901105051,0.0634698874513082,0.0713625427157582,0.0848859106495854,-0.0490790668953098,-0.049553919915654,0.0176877396705154,0.0363684939898908,-0.0440407277470104
"sROI_bonethickness05",-0.15653245062861,0.118614545622285,-0.00215384033476293,0.00654229878949169,-0.018479584117074,-0.00645214556903231,0.292544138611305,-0.176987234800139,0.182674316928591,0.139986596641654,0.176987234800139,0.176775479868779,0.106042514263439,0.229994310582419,0.211820954234003,0.1723102234525,0.178338423495459,0.136919324814192,0.567086691655996,0.39197152941543,0.417660023550087,0.398275838043076,1,0.359404715315423,0.186154678922554,0.408183118410586,0.49503089019608,0.0262111129632799,0.00717594175719306,0.0232929491796781,-0.102901128604478,-0.145720646339759,0.0955354195728825,-0.0784609948193569,0.00731184510152439,-0.0777364634640954,0.452423946000276,0.029633390478196,0.0209400889503375,-0.0828526647949847,0.171082665993354,0.0787974125363125,0.0701563659426354,-0.00366761203070563,0.121853071550967,0.174002541548297,-0.0491409949577212,0.0510955080099248,-0.0119116750127869,0.000933249977943127,0.0293622841333683,0.0183200116859579,0.00128033805762188
"sROI_bonethickness06",-0.0402875247076602,0.158932178611834,0.034040922491869,-0.0383565616998233,-0.0642732102715118,0.0564107794423264,0.245965439880286,-0.181748154908337,0.161411211413408,0.13812629843739,0.181748154908337,0.152400611206393,0.161671704478416,0.070294703859305,0.170157204154652,0.157312779203046,0.179789463367991,0.236616293429946,0.594680833667001,0.43399262327965,0.514790804198818,0.472601243731197,0.359404715315423,1,0.620850428366469,0.456730689759525,0.229567030379487,0.123393944869582,0.0569517368814069,0.0230934006868454,-0.00181847396822584,0.0191859586243596,-0.0479932494644799,-0.0351582081702618,-0.0187175755144628,-0.019430286878503,-0.0920401074281985,-0.0823876403082022,-0.0149122931649258,-0.037090499096273,-0.123562669571246,0.0616508378168307,0.0380610919986224,0.0372029864396463,0.0737465989413133,0.0987388012835317,0.00377869555779673,0.0278344961670018,-0.0481771957807923,-0.0138387216210924,-0.00736667941438269,0.0308292237788477,-0.009858246393229
"sROI_bonethickness07",0.135252469752542,0.247515968849362,0.104311865019839,-0.259709719690124,-0.245766075008617,0.323301852555806,0.129912810768747,-0.027219691508735,0.0312976413770065,0.0331474852683144,0.027219691508735,0.0265941182477833,0.0315502914228106,0.0472004456086197,0.093172066571758,0.0285073614279233,0.0370615949616829,0.239035131646983,0.404144383864438,0.258991721049058,0.405446690725137,0.313652833874179,0.186154678922554,0.620850428366469,1,0.300847029122365,0.0635914528995299,0.161026792113133,0.111888265328847,0.056770006604268,0.108793845343591,0.136134461615759,0.11235349891419,0.0385987138624052,0.16294908083568,0.128113557095701,-0.0766114257119799,0.0367870234154383,-0.102696415408968,0.120815995200427,-0.121174900351136,0.176447590889014,0.136474433181181,0.185551603497655,0.0744093737940085,0.00516336936513247,0.166059946684055,0.147059170913693,0.0027572811723829,-0.00391448385911607,-0.0133110247930435,0.0721479617951335,0.0616085085778285
"sROI_bonethickness08",0.0316411221564719,0.0696199145058898,0.174977833576238,0.0643351569986444,-0.0501556194152151,-0.0318728685267828,0.423668920368388,-0.173818073527861,0.214230953286777,0.175013397493185,0.173818073527861,0.166452272389243,0.258048525526981,0.387316867645589,0.352293284427118,0.168928554059622,0.256275424454022,0.336718441144965,0.922504840648081,0.777774742441009,0.767245727220426,0.949119993861753,0.408183118410586,0.456730689759525,0.300847029122365,1,0.307484317451871,0.2804177494966,0.11327339508926,0.0232770608831781,0.0883494476670255,0.0606651826135156,-0.00755596141734102,0.015020873589443,0.0548174220798947,0.0311797761084279,-0.0875180614449038,-0.0212059429872422,-0.062283409515216,0.0195606216731688,-0.0919125573574747,0.0739195958449116,0.093038951553028,0.0792162081080183,0.0645030039212563,0.0414895224048681,0.0745470104820924,0.0814949416234769,-0.0604400576687055,-0.05426296537144,0.0237574192557354,0.0398163812769724,-0.04753851188858
"sROI_bonethickness09",-0.248092175103085,0.10543329996109,-0.109632203499102,0.11784903016968,0.0595844868040053,-0.127295065926863,0.312803336184087,-0.191027812493909,0.194616202584914,0.127117482786541,0.191027812493909,0.165796000524354,0.268082661788177,0.254166223328576,0.18439188881507,0.17272524202464,0.203281173610054,0.0956736914507031,0.481768749151205,0.327774907941144,0.269946480628613,0.310144538874919,0.49503089019608,0.229567030379487,0.0635914528995299,0.307484317451871,1,-0.0441088510049336,-0.0541205388290259,-0.00421312057966209,-0.208823660305423,-0.264695214411194,0.158084572951737,-0.0529078019073765,-0.00160824179158136,-0.127468981824515,0.29065664253544,0.078631256651645,0.120765718083822,-0.126687496650121,0.717491693523373,0.0575413397993472,0.0354075415684538,-0.0588463730252423,0.134114991794721,0.242095119318085,-0.126610740124001,0.0177844540708171,-0.0332658062225185,0.000345524748998102,0.0324225683177853,0.00449248971576028,-0.0559153604891411
"v_23226_2_0",0.111786617696698,-0.105733299695293,0.195907203196698,-0.0550165878717807,-0.0334578201998291,0.0682569498134322,-0.590198629810812,0.701440843621243,-0.661039059688446,-0.594862938460196,-0.701440843621243,-0.630883795973874,-0.58436434516748,-0.477208400917932,-0.463893855029121,-0.63436808681023,-0.60273842287499,-0.453474055205454,0.284334534042664,0.312964552192468,0.367572080448135,0.244386959449142,0.0262111129632799,0.123393944869582,0.161026792113133,0.2804177494966,-0.0441088510049336,1,0.731623073182027,0.421288391399313,0.16095497468239,0.178413438128507,0.138641554207821,0.159498221594998,0.205479191958631,0.228567418081379,-0.128715916052723,0.0381882216775623,-0.0257429997469767,0.229658869127378,-0.184829081482928,-0.00433195534836231,0.138229362572822,0.0724858175302219,0.0355597629465937,-0.0434847349550104,0.0735754388569575,0.0778052716513495,-0.0272972584728816,-0.0502774642857051,0.021000669598249,-0.021843585644977,-0.0483297342418542
"v_23239_2_0",0.231118047117813,-0.133634312503842,0.276037722865836,-0.0579181796497323,0.00136500017663428,0.051237191485176,-0.545247626491804,0.676278310585125,-0.656248481998169,-0.592627513304262,-0.676278310585125,-0.639712653648017,-0.551469718366562,-0.477606975963949,-0.459679657164364,-0.64032261679038,-0.5840535437826,-0.404571781632374,0.141072746922858,0.162826235084288,0.230101017907079,0.0836534861707745,0.00717594175719306,0.0569517368814069,0.111888265328847,0.11327339508926,-0.0541205388290259,0.731623073182027,1,0.731577311577312,0.256017190064264,0.297672970275975,0.309250769167054,0.250031897535152,0.366183208070155,0.314590196521838,-0.00149138554060126,0.0974524109141971,0.016539148787236,0.317771844164946,-0.088415123476105,0.100584910648264,0.339157874664611,0.286677531837727,0.125407999289119,-0.0280973732600291,0.221411293677883,0.250956234935395,-0.0218655431503451,-0.0300160225984007,0.0621228227908578,0.0481669953557371,-0.00503337235956491
"v_23300_2_0",0.0238884566822213,-0.150092800764242,0.0944583467417218,0.0266591784058097,0.0421542047480384,-0.0330841311522232,-0.360030193714364,0.438273381459006,-0.434116127885222,-0.401973169741459,-0.438273381459006,-0.42012735465602,-0.381066633954639,-0.345270762279005,-0.349922905895175,-0.408668990489488,-0.399895703062557,-0.295830900693263,0.0594137204044731,0.097569619716506,0.0902047556170411,0.0129329836313648,0.0232929491796781,0.0230934006868454,0.056770006604268,0.0232770608831781,-0.00421312057966209,0.421288391399313,0.731577311577312,1,0.116591837257141,0.146537810692357,0.203707238874065,0.197034691132231,0.20633361190462,0.22819445520154,0.0289208758752648,0.0227881071299287,0.00957935772304809,0.21887241540844,-0.0314997738777712,0.127433971944178,0.289408724587285,0.185130146462489,0.203716076771818,0.122379914069005,0.0823705936441315,0.184982452738143,-0.0354173148968673,-0.0215506576975608,0.0543982757968533,0.0842703532867494,-0.0129938581377892
"v_51_2_0",0.653192021911374,-0.0813857728949562,0.584636971895884,-0.150922331682416,-0.0229503011971349,0.129096788365813,-0.092251209357571,0.210385981659657,-0.195717283763383,-0.121123037826485,-0.210385981659657,-0.231664127072384,-0.143193028536399,-0.109500730459363,-0.00130452248214272,-0.223066126520482,-0.145491223777469,0.0894666292223472,0.0230654828835688,-0.0290201629595314,0.165611903072604,0.0670705418341729,-0.102901128604478,-0.00181847396822584,0.108793845343591,0.0883494476670255,-0.208823660305423,0.16095497468239,0.256017190064264,0.116591837257141,1,0.828264383818698,0.290998238185604,0.227441489100321,0.423783019575937,0.265227116780072,-0.0764374086887516,0.135238151713193,0.0139719020218166,0.293134369927147,-0.130965292997991,-0.0044931528707198,0.0853419479674446,0.387646812647913,-0.155952923393156,-0.435337056440508,0.439987202796455,0.0814889889107027,-0.0282228226043968,-0.0421404433522793,0.0279298303189647,0.0165486933354634,0.106879036440309
"v_50_2_0",0.73952590414847,-0.038000482672991,0.664376488224068,-0.229571895191237,-0.0444627877862629,0.200159684283856,-0.127013700189629,0.239173974982723,-0.229322599953188,-0.148977419759821,-0.239173974982723,-0.268779016876341,-0.156908079991139,-0.149336565769537,-0.00848769433949136,-0.257782269077584,-0.178270720144187,0.100195119588425,-0.00313446956701626,-0.0641460754734435,0.17992323111443,0.0436411086898054,-0.145720646339759,0.0191859586243596,0.136134461615759,0.0606651826135156,-0.264695214411194,0.178413438128507,0.297672970275975,0.146537810692357,0.828264383818698,1,0.299113298200941,0.220517766477562,0.47622955050403,0.290145464158838,-0.109591959041326,0.103903283251773,-0.0127780508609337,0.317941273579986,-0.176642123353213,-0.0100353837773036,0.0653094308824641,0.413825627779446,-0.179418870460324,-0.485626216236885,0.514847296367375,0.0814761080318427,-0.0508958879036767,-0.0423721868667721,0.000745622964773188,0.0394251637924874,0.14044596425965
"sROI_headthickness01",0.413038917085606,0.00826169254191983,0.353848594833328,-0.202592605552938,-0.0306149359104425,0.16998188004707,-0.11549139462632,0.227639824517179,-0.198049749740737,-0.160066287368366,-0.227639824517179,-0.238942164456553,-0.081316996931853,-0.00745011066279369,-0.0193650272078642,-0.235317241323141,-0.131281591936815,0.0573672962187604,0.0821748567754134,-0.00866811060426655,0.14042279616719,-0.00945635839253788,0.0955354195728825,-0.0479932494644799,0.11235349891419,-0.00755596141734102,0.158084572951737,0.138641554207821,0.309250769167054,0.203707238874065,0.290998238185604,0.299113298200941,1,0.669558941984108,0.846524377474133,0.686508930532841,0.418221030842271,0.56052319815459,0.3729170752921,0.708252956746205,0.352864248977511,0.46466294850084,0.518603774059473,0.559061049281896,0.217518764569891,-0.0239698618570695,0.488771933805358,0.494185983338911,-0.0985721914263836,-0.109191989561791,0.0224550014952164,0.087126238998573,-0.0122966061205791
"sROI_headthickness02",0.181280010752373,-0.0937835330134503,0.171128169096628,-0.0324945130066725,-0.00845975714334586,0.0359776445696141,-0.137377337347898,0.15166749553778,-0.142396522678618,-0.0966009262752892,-0.15166749553778,-0.154777546389805,-0.119082340380973,-0.0327823643873217,-0.0916632560116833,-0.162152282743796,-0.148200939445337,0.052458195799049,0.0409985526242834,0.0485481505585954,0.115657571394098,0.0317749987318986,-0.0784609948193569,-0.0351582081702618,0.0385987138624052,0.015020873589443,-0.0529078019073765,0.159498221594998,0.250031897535152,0.197034691132231,0.227441489100321,0.220517766477562,0.669558941984108,1,0.495593524525091,0.756327321583366,0.0199822906799,0.234624160075188,0.256644055671411,0.753161098356815,-0.00499793356769801,0.568989321260425,0.524704487873636,0.498784728638898,0.361505122801223,0.168097017510809,0.341692769942023,0.446982231816418,-0.100394753816196,-0.0854238626860038,-0.0516550657308462,0.0994313931930592,-0.0606216536203291
"sROI_headthickness03",0.606235422643335,0.0294242230156732,0.492977739767072,-0.304170653153374,-0.0672799442587179,0.265296889835589,-0.141219320520509,0.255202547341633,-0.231650054941022,-0.184821951040872,-0.255202547341633,-0.27914760749281,-0.0992819007686282,-0.0460887799475507,0.00158814820276165,-0.272397576955807,-0.158662587401187,0.122831653149512,0.105015032671701,0.0156044540088549,0.262789323651995,0.0441909687704373,0.00731184510152439,-0.0187175755144628,0.16294908083568,0.0548174220798947,-0.00160824179158136,0.205479191958631,0.366183208070155,0.20633361190462,0.423783019575937,0.47622955050403,0.846524377474133,0.495593524525091,1,0.568767124543563,0.18348508449419,0.338837225068389,0.115817202681525,0.595240663526547,0.120541589242711,0.409424357766288,0.54313485505223,0.649561566791837,0.148133908355533,-0.156237883793787,0.630387239419606,0.545902926105533,-0.0901520658154628,-0.116932673769076,0.0246958897628847,0.103951405900928,0.0218718041185422
"sROI_headthickness04",0.256780139350279,-0.056316696535906,0.249110640057279,-0.177834821473839,-0.109836209270171,0.199552838731894,-0.198927507718372,0.254571078178693,-0.236379642911288,-0.185013608843309,-0.254571078178693,-0.246925411558381,-0.200779169433962,-0.115229571835512,-0.0912250382658834,-0.250826024796576,-0.227549115880042,0.0454364636162205,0.0486441585029849,0.0456832861652805,0.158868357455955,0.0508489884932262,-0.0777364634640954,-0.019430286878503,0.128113557095701,0.0311797761084279,-0.127468981824515,0.228567418081379,0.314590196521838,0.22819445520154,0.265227116780072,0.290145464158838,0.686508930532841,0.756327321583366,0.568767124543563,1,-0.0262168815764009,0.148325271004691,0.0198052202311961,0.95964609477212,-0.09948668835127,0.623771854684495,0.500438450501588,0.501432308039731,0.326899340436093,0.103852752414411,0.401894460095164,0.454280115237026,-0.122507471643617,-0.1092762019597,-0.0404406398753647,0.100530471375965,-0.0222001865751782
"sROI_headthickness05",-0.0121832518741145,0.0202837216386246,-0.00145339950572189,0.0134690270365532,0.0721269077548853,-0.0542615963287211,0.0514566662557565,-0.00967431331540106,0.0234824123295334,0.0172773648233995,0.00967431331540106,0.0111233359931569,0.0748416495186714,0.0591165489647668,0.0321521577879575,0.00177359020457265,0.0808975992926599,-0.0835350280531806,0.0214650779764921,-0.0569935404649204,-0.118468287485838,-0.0788688677304592,0.452423946000276,-0.0920401074281985,-0.0766114257119799,-0.0875180614449038,0.29065664253544,-0.128715916052723,-0.00149138554060126,0.0289208758752648,-0.0764374086887516,-0.109591959041326,0.418221030842271,0.0199822906799,0.18348508449419,-0.0262168815764009,1,0.328896830683879,0.253926248114708,-0.0101709229032294,0.468884145983933,-0.0184749520352323,0.0179709621274776,0.0014916495677237,-0.0156401983909279,0.00830361985511252,-0.000453152928733978,0.027358921316877,-0.0132328111860953,-0.0214851913380425,0.0688582568464016,-0.0114542874941361,0.00457195717769083
"sROI_headthickness06",0.264518935559206,0.0662178105073934,0.215286549161707,-0.11657052609708,-0.0317094929612934,0.0961972867751155,0.0285713669427863,0.090792014943981,-0.0433968294214979,-0.0362225931980403,-0.090792014943981,-0.0727211671742489,0.00203384961349682,0.158841270251894,0.057704467343646,-0.0624541845063772,0.000345102460021595,0.016153217316249,0.0131877654933543,-0.0561648605457197,0.0297695030022158,-0.0390514077459549,0.029633390478196,-0.0823876403082022,0.0367870234154383,-0.0212059429872422,0.078631256651645,0.0381882216775623,0.0974524109141971,0.0227881071299287,0.135238151713193,0.103903283251773,0.56052319815459,0.234624160075188,0.338837225068389,0.148325271004691,0.328896830683879,1,0.689038033709175,0.17337828274071,0.26984831513422,0.0427882669520125,0.154542686306041,0.203893593622082,-0.0409858082153825,-0.126908224550385,0.200453983928865,0.155347959886534,0.0239733797999684,-0.0279030579034016,0.0358471508409808,0.0349540081306838,-0.00364665007118767
"sROI_headthickness07",0.0669992238429885,-0.00649028908690035,0.071053314332274,0.0803508544646243,0.17955164616558,-0.157337949272303,-0.00464079835084053,0.037333996854167,-0.0131359571703635,-0.0182608347938684,-0.037333996854167,-0.0330230599485951,0.0254813187434954,0.0949921953551142,-0.000597630821742415,-0.022613061701001,0.0306586968680443,-0.0758147672734306,-0.0148484443184403,-0.0602502409497598,-0.0456896411163642,-0.0663418789194686,0.0209400889503375,-0.0149122931649258,-0.102696415408968,-0.062283409515216,0.120765718083822,-0.0257429997469767,0.016539148787236,0.00957935772304809,0.0139719020218166,-0.0127780508609337,0.3729170752921,0.256644055671411,0.115817202681525,0.0198052202311961,0.253926248114708,0.689038033709175,1,0.0256325850167446,0.272136189483867,-0.102139824498547,-0.00864993953223338,-0.0176882582719708,-0.0570449207562684,-0.0622465024022361,-0.0126534095514101,-0.0290377183180114,0.0171105471866909,0.0215392818360826,0.0271532623253024,-0.0164370705795024,-0.0588178018394687
