"","sex","age","sit_height","VAT","ASAT","fat_percent","BMI","BMD_head","BMD_total","T_BMD_total","femur_BMD","tismri_volr01","tismri_volr02","tismri_volr03","tismri_TIV","tis_bone","vROI_bonecortex03","sROI_bonecortex03","main_sBMDH","sROI_bonethickness01","sROI_bonethickness02","sROI_bonethickness03","sROI_bonethickness04","sROI_bonethickness05","sROI_bonethickness06","sROI_bonethickness07","sROI_bonethickness08","sROI_bonethickness09","tis_head","sROI_headthickness01","sROI_headthickness02","sROI_headthickness03","sROI_headthickness04","sROI_headthickness05","sROI_headthickness06","sROI_headthickness07","sROI_headthickness08","sROI_headthickness09","waist","walk","moderate_PA","vigorous_PA","smoking","r_alcohol"
"sex",1,-0.0758084551616756,-0.653192021911374,-0.495779015870497,0.357266839968087,0.684906288815145,-0.150196680127956,-0.111786617696698,-0.613225979707349,-0.231118047117813,-0.0238884566822213,0.340567002328934,0.0828824288462334,-0.295987240652952,-0.723914463254094,-0.0786213895743922,-0.193747311251937,0.219960223027027,-0.219960223027027,0.0203031114233429,0.117582067321343,-0.182388516276216,-0.0134130088846224,0.15653245062861,0.0402875247076602,-0.135252469752542,-0.0316411221564719,0.248092175103085,0.0509951232025423,-0.413038917085606,-0.181280010752373,-0.606235422643335,-0.256780139350279,0.0121832518741145,-0.264518935559206,-0.0669992238429885,-0.2970607300203,0.0976357540121764,-0.501589804677307,-0.0309175902273655,0.0244145908046752,-0.0277343024514287,-0.0416467093727652,-0.105387062488771
"age",-0.0758084551616756,1,-0.0813857728949562,0.0984701969892783,-0.0344125688780616,-0.0188045464448983,0.0296002710097618,-0.105733299695293,-0.0717972928902123,-0.133634312503842,-0.150092800764242,-0.513655543267677,-0.27895615571699,0.515582533438346,0.0487715401840819,0.219616281699672,0.223012436240021,0.194840008609653,-0.194840008609653,0.100081358606988,-0.033535660395145,0.147227386070558,0.0647333391823419,0.118614545622285,0.158932178611834,0.247515968849362,0.0696199145058898,0.10543329996109,0.129898090209036,0.00826169254191983,-0.0937835330134503,0.0294242230156732,-0.056316696535906,0.0202837216386246,0.0662178105073934,-0.00649028908690035,-0.0523287994575763,0.0529376878015472,0.0738743482517501,-0.00131505959822207,0.166850482116398,-0.0385640845814788,0.0523399270289666,0.0945662260329005
"sit_height",-0.653192021911374,-0.0813857728949562,1,0.387646812647913,-0.155952923393156,-0.435337056440508,0.0731262862490063,0.16095497468239,0.481777468630762,0.256017190064264,0.116591837257141,-0.150922331682416,-0.0229503011971349,0.129096788365813,0.584636971895884,0.026055313655776,0.0894666292223472,-0.210385981659657,0.210385981659657,0.0230654828835688,-0.0290201629595314,0.165611903072604,0.0670705418341729,-0.102901128604478,-0.00181847396822584,0.108793845343591,0.0883494476670255,-0.208823660305423,-0.0044931528707198,0.290998238185604,0.227441489100321,0.423783019575937,0.265227116780072,-0.0764374086887516,0.135238151713193,0.0139719020218166,0.293134369927147,-0.130965292997991,0.387965937067366,-0.0282228226043968,-0.0421404433522793,0.0279298303189647,0.0165486933354634,0.106879036440309
"VAT",-0.495779015870497,0.0984701969892783,0.387646812647913,1,0.425248909282123,0.138164269255092,0.644325349129591,0.0724858175302219,0.44873728623804,0.286677531837727,0.185130146462489,-0.268660306667224,-0.138063432223022,0.270827265444308,0.390300368496676,0.0679989987177605,0.257414265720336,-0.106850135417473,0.106850135417473,0.108209915247327,0.029011723361673,0.250641822191885,0.0815801854539589,-0.00366761203070563,0.0372029864396463,0.185551603497655,0.0792162081080183,-0.0588463730252423,0.574263851816167,0.559061049281896,0.498784728638898,0.649561566791837,0.501432308039731,0.0014916495677237,0.203893593622082,-0.0176882582719708,0.52077403045815,-0.0612511470886815,0.85583792414021,-0.0859981200962575,-0.0679180340436298,-0.0558932849509736,0.191738723848502,0.0336957416120027
"ASAT",0.357266839968087,-0.0344125688780616,-0.155952923393156,0.425248909282123,1,0.835359527183958,0.63718857960801,0.0355597629465937,-0.046653186332701,0.125407999289119,0.203716076771818,0.0532700604758737,-0.0334881710365028,-0.0201144562086462,-0.20107418469352,-0.0562344626082604,0.0408003317379557,0.0259193005287228,-0.0259193005287228,0.129864793721409,0.136689216350975,0.0985570899488718,0.0805523901105051,0.121853071550967,0.0737465989413133,0.0744093737940085,0.0645030039212563,0.134114991794721,0.621727231092209,0.217518764569891,0.361505122801223,0.148133908355533,0.326899340436093,-0.0156401983909279,-0.0409858082153825,-0.0570449207562684,0.301591799877757,-0.00305693713947444,0.466384472080118,-0.133738194432292,-0.0431511512888272,-0.0818276211982207,0.129171961890395,-0.118054905774832
"fat_percent",0.684906288815145,-0.0188045464448983,-0.435337056440508,0.138164269255092,0.835359527183958,1,0.39642313549827,-0.0434847349550104,-0.312714091748055,-0.0280973732600291,0.122379914069005,0.178072125123016,-0.00117346905717685,-0.131462455660201,-0.475017743308239,-0.0509603567852892,-0.030862678180223,0.140300627603868,-0.140300627603868,0.127604971224658,0.174013137551685,0.015515193207647,0.0634698874513082,0.174002541548297,0.0987388012835317,0.00516336936513247,0.0414895224048681,0.242095119318085,0.499243571052163,-0.0239698618570695,0.168097017510809,-0.156237883793787,0.103852752414411,0.00830361985511252,-0.126908224550385,-0.0622465024022361,0.067877146709756,0.0597561555206835,0.129740345060265,-0.109954112105927,-0.0187300327128338,-0.0817323810670237,0.106506063766652,-0.107553499535054
"BMI",-0.150196680127956,0.0296002710097618,0.0731262862490063,0.644325349129591,0.63718857960801,0.39642313549827,1,0.132388804194278,0.339899117075497,0.331154292739075,0.300947249618718,-0.183148073648104,-0.0683614483574618,0.170756088883635,0.174524323745837,-0.068543064241495,0.111017158744375,-0.0992754020648848,0.0992754020648848,0.127663820320395,0.0881106721426624,0.212906112117904,0.0799276845131256,0.0732162759389839,0.030106387395508,0.120235516798683,0.0703207497206197,0.019416568016553,0.526553242933764,0.472523647463661,0.45485299756096,0.50192063822662,0.438950294499516,0.0187095112124452,0.153223645305834,-0.0177606225917926,0.439742216410745,-0.0321431198725817,0.72436900112062,-0.0717842284384213,-0.0613918300380488,-0.00887675220612853,0.171414848150136,-0.110368067540185
"BMD_head",-0.111786617696698,-0.105733299695293,0.16095497468239,0.0724858175302219,0.0355597629465937,-0.0434847349550104,0.132388804194278,1,0.633348451849132,0.731623073182027,0.421288391399313,-0.0550165878717807,-0.0334578201998291,0.0682569498134322,0.195907203196698,-0.515588137790766,-0.453474055205454,-0.701440843621243,0.701440843621243,0.284334534042664,0.312964552192468,0.367572080448135,0.244386959449142,0.0262111129632799,0.123393944869582,0.161026792113133,0.2804177494966,-0.0441088510049336,-0.00433195534836231,0.138641554207821,0.159498221594998,0.205479191958631,0.228567418081379,-0.128715916052723,0.0381882216775623,-0.0257429997469767,0.229658869127378,-0.184829081482928,0.131368058369651,-0.0272972584728816,-0.0502774642857051,0.021000669598249,-0.021843585644977,-0.0483297342418542
"BMD_total",-0.613225979707349,-0.0717972928902123,0.481777468630762,0.44873728623804,-0.046653186332701,-0.312714091748055,0.339899117075497,0.633348451849132,1,0.90041487732359,0.599524878114901,-0.191701421064696,-0.0345893682434804,0.169183880089815,0.533622648429592,-0.386222874609354,-0.241343336168117,-0.642167834773655,0.642167834773655,0.10886195429246,0.0857072969067099,0.265407034905005,0.0775617113788398,-0.0594545095188696,0.0238279729724906,0.148963618648835,0.109880309769538,-0.144016509570293,0.0584772420184928,0.428679576972429,0.276807580854914,0.558906408733916,0.361748546964934,-0.00151256559424414,0.189084327891364,0.0365196258343324,0.381260360135982,-0.105622831108385,0.487330105907967,-0.0159855584931771,-0.0364524616959284,0.0645027282682563,0.0618539476017512,0.0420858411954622
"T_BMD_total",-0.231118047117813,-0.133634312503842,0.256017190064264,0.286677531837727,0.125407999289119,-0.0280973732600291,0.331154292739075,0.731623073182027,0.90041487732359,1,0.731577311577312,-0.0579181796497323,0.00136500017663428,0.051237191485176,0.276037722865836,-0.525262667397205,-0.404571781632374,-0.676278310585125,0.676278310585125,0.141072746922858,0.162826235084288,0.230101017907079,0.0836534861707745,0.00717594175719306,0.0569517368814069,0.111888265328847,0.11327339508926,-0.0541205388290259,0.100584910648264,0.309250769167054,0.250031897535152,0.366183208070155,0.314590196521838,-0.00149138554060126,0.0974524109141971,0.016539148787236,0.317771844164946,-0.088415123476105,0.330261371312305,-0.0218655431503451,-0.0300160225984007,0.0621228227908578,0.0481669953557371,-0.00503337235956491
"femur_BMD",-0.0238884566822213,-0.150092800764242,0.116591837257141,0.185130146462489,0.203716076771818,0.122379914069005,0.300947249618718,0.421288391399313,0.599524878114901,0.731577311577312,1,0.0266591784058097,0.0421542047480384,-0.0330841311522232,0.0944583467417218,-0.397355768792628,-0.295830900693263,-0.438273381459006,0.438273381459006,0.0594137204044731,0.097569619716506,0.0902047556170411,0.0129329836313648,0.0232929491796781,0.0230934006868454,0.056770006604268,0.0232770608831781,-0.00421312057966209,0.127433971944178,0.203707238874065,0.197034691132231,0.20633361190462,0.22819445520154,0.0289208758752648,0.0227881071299287,0.00957935772304809,0.21887241540844,-0.0314997738777712,0.213648204306502,-0.0354173148968673,-0.0215506576975608,0.0543982757968533,0.0842703532867494,-0.0129938581377892
"tismri_volr01",0.340567002328934,-0.513655543267677,-0.150922331682416,-0.268660306667224,0.0532700604758737,0.178072125123016,-0.183148073648104,-0.0550165878717807,-0.191701421064696,-0.0579181796497323,0.0266591784058097,1,0.250629598976924,-0.862013093080073,-0.372818064654269,-0.104930244331597,-0.149693349326884,0.044226635050984,-0.044226635050984,0.0635967838408462,0.240640082787156,-0.131662788370807,0.068443415721621,0.00654229878949169,-0.0383565616998233,-0.259709719690124,0.0643351569986444,0.11784903016968,-0.156803427453487,-0.202592605552938,-0.0324945130066725,-0.304170653153374,-0.177834821473839,0.0134690270365532,-0.11657052609708,0.0803508544646243,-0.203473241829587,0.0639379582181981,-0.278127542369063,-0.00197033890052001,-0.0491793955182376,0.00925465684663132,-0.110419558615947,-0.177190129800655
"tismri_volr02",0.0828824288462334,-0.27895615571699,-0.0229503011971349,-0.138063432223022,-0.0334881710365028,-0.00117346905717685,-0.0683614483574618,-0.0334578201998291,-0.0345893682434804,0.00136500017663428,0.0421542047480384,0.250629598976924,1,-0.683021845460591,-0.02988773733186,-0.167114183761347,-0.172342191672959,-0.0231392962588715,0.0231392962588715,-0.0488165489957633,0.0525037508875237,-0.136419325483426,-0.0637417058736552,-0.018479584117074,-0.0642732102715118,-0.245766075008617,-0.0501556194152151,0.0595844868040053,-0.238887427864637,-0.0306149359104425,-0.00845975714334586,-0.0672799442587179,-0.109836209270171,0.0721269077548853,-0.0317094929612934,0.17955164616558,-0.11816624931148,0.0922500465390304,-0.121608006229324,0.0359824709379493,0.00252075606757284,0.0736341705307829,-0.0938307791150002,-0.0800046280540919
"tismri_volr03",-0.295987240652952,0.515582533438346,0.129096788365813,0.270827265444308,-0.0201144562086462,-0.131462455660201,0.170756088883635,0.0682569498134322,0.169183880089815,0.051237191485176,-0.0330841311522232,-0.862013093080073,-0.683021845460591,1,0.288291727161438,0.146037934320716,0.184841283585977,-0.0417428213625614,0.0417428213625614,-0.0307272292370098,-0.205821006941477,0.15866624252978,-0.0279018695738836,-0.00645214556903231,0.0564107794423264,0.323301852555806,-0.0318728685267828,-0.127295065926863,0.240659091124415,0.16998188004707,0.0359776445696141,0.265296889835589,0.199552838731894,-0.0542615963287211,0.0961972867751155,-0.157337949272303,0.223689878368889,-0.101323374502078,0.272541347397175,-0.0254406571873693,0.0388945833258636,-0.0430626115149643,0.136620531028018,0.167475565475349
"tismri_TIV",-0.723914463254094,0.0487715401840819,0.584636971895884,0.390300368496676,-0.20107418469352,-0.475017743308239,0.174524323745837,0.195907203196698,0.533622648429592,0.276037722865836,0.0944583467417218,-0.372818064654269,-0.02988773733186,0.288291727161438,1,0.0566157178008036,0.145088937794274,-0.213091344872548,0.213091344872548,0.133334733934856,0.0106272083286041,0.29834603914184,0.152125696796862,-0.00215384033476293,0.034040922491869,0.104311865019839,0.174977833576238,-0.109632203499102,-0.0313428129796114,0.353848594833328,0.171128169096628,0.492977739767072,0.249110640057279,-0.00145339950572189,0.215286549161707,0.071053314332274,0.279882588637658,-0.040994093609005,0.44287637155435,-0.038230191165813,-0.0661480635061909,0.0520891090517975,0.0402811515705397,0.125635648062727
"tis_bone",-0.0786213895743922,0.219616281699672,0.026055313655776,0.0679989987177605,-0.0562344626082604,-0.0509603567852892,-0.068543064241495,-0.515588137790766,-0.386222874609354,-0.525262667397205,-0.397355768792628,-0.104930244331597,-0.167114183761347,0.146037934320716,0.0566157178008036,1,0.808887083898616,0.767031909784566,-0.767031909784566,0.357359113938325,0.239339925858902,0.260925992479606,0.41898690856386,0.191776582250434,0.199550918148844,0.146913174060844,0.381990861240883,0.167010639978217,0.0711746604208941,-0.103009768673712,-0.15811274735977,-0.0616228446709677,-0.198270410771933,0.0105103682264068,0.0410322098406963,-0.030911878695491,-0.192358635540953,0.0388577297510856,0.0148892663695749,-0.00269360388878469,0.0148054704583792,-0.00860408386298978,0.0548127149105037,0.0980560678797675
"vROI_bonecortex03",-0.193747311251937,0.223012436240021,0.0894666292223472,0.257414265720336,0.0408003317379557,-0.030862678180223,0.111017158744375,-0.453474055205454,-0.241343336168117,-0.404571781632374,-0.295830900693263,-0.149693349326884,-0.172342191672959,0.184841283585977,0.145088937794274,0.808887083898616,1,0.693674066695276,-0.693674066695276,0.337431820009707,0.221029429552961,0.338400770993661,0.371651887905247,0.136919324814192,0.236616293429946,0.239035131646983,0.336718441144965,0.0956736914507031,0.246206339438233,0.0573672962187604,0.052458195799049,0.122831653149512,0.0454364636162205,-0.0835350280531806,0.016153217316249,-0.0758147672734306,0.0478557704499244,-0.0371028756629741,0.213581838128728,-0.0454596520462593,-0.0233815650455459,-0.0365859486310511,0.102609299464222,0.087664531551174
"sROI_bonecortex03",0.219960223027027,0.194840008609653,-0.210385981659657,-0.106850135417473,0.0259193005287228,0.140300627603868,-0.0992754020648848,-0.701440843621243,-0.642167834773655,-0.676278310585125,-0.438273381459006,0.044226635050984,-0.0231392962588715,-0.0417428213625614,-0.213091344872548,0.767031909784566,0.693674066695276,1,-1,0.182016750990181,0.0945665672202386,0.072306765998797,0.21546340480965,0.176987234800139,0.181748154908337,0.027219691508735,0.173818073527861,0.191027812493909,0.0585863260839615,-0.227639824517179,-0.15166749553778,-0.255202547341633,-0.254571078178693,0.00967431331540106,-0.090792014943981,-0.037333996854167,-0.270133044500169,0.0670896869962899,-0.146938800118793,-0.00234946941689212,0.00272990643476178,-0.0127299635119515,0.0299764785866308,0.0478769826036649
"main_sBMDH",-0.219960223027027,-0.194840008609653,0.210385981659657,0.106850135417473,-0.0259193005287228,-0.140300627603868,0.0992754020648848,0.701440843621243,0.642167834773655,0.676278310585125,0.438273381459006,-0.044226635050984,0.0231392962588715,0.0417428213625614,0.213091344872548,-0.767031909784566,-0.693674066695276,-1,1,-0.182016750990181,-0.0945665672202386,-0.072306765998797,-0.21546340480965,-0.176987234800139,-0.181748154908337,-0.027219691508735,-0.173818073527861,-0.191027812493909,-0.0585863260839615,0.227639824517179,0.15166749553778,0.255202547341633,0.254571078178693,-0.00967431331540106,0.090792014943981,0.037333996854167,0.270133044500169,-0.0670896869962899,0.146938800118793,0.00234946941689212,-0.00272990643476178,0.0127299635119515,-0.0299764785866308,-0.0478769826036649
"sROI_bonethickness01",0.0203031114233429,0.100081358606988,0.0230654828835688,0.108209915247327,0.129864793721409,0.127604971224658,0.127663820320395,0.284334534042664,0.10886195429246,0.141072746922858,0.0594137204044731,0.0635967838408462,-0.0488165489957633,-0.0307272292370098,0.133334733934856,0.357359113938325,0.337431820009707,0.182016750990181,-0.182016750990181,1,0.848947753743074,0.844311125891928,0.923656969121631,0.567086691655996,0.594680833667001,0.404144383864438,0.922504840648081,0.481768749151205,0.1375453220756,0.0821748567754134,0.0409985526242834,0.105015032671701,0.0486441585029849,0.0214650779764921,0.0131877654933543,-0.0148484443184403,0.0330644081313304,0.0210520970730984,0.118858235158698,-0.0598635345369717,-0.0448897909245201,0.0253141438218643,0.0490206603365171,-0.0494107155845752
"sROI_bonethickness02",0.117582067321343,-0.033535660395145,-0.0290201629595314,0.029011723361673,0.136689216350975,0.174013137551685,0.0881106721426624,0.312964552192468,0.0857072969067099,0.162826235084288,0.097569619716506,0.240640082787156,0.0525037508875237,-0.205821006941477,0.0106272083286041,0.239339925858902,0.221029429552961,0.0945665672202386,-0.0945665672202386,0.848947753743074,1,0.603917016198809,0.78299396560426,0.39197152941543,0.43399262327965,0.258991721049058,0.777774742441009,0.327774907941144,0.11845174423855,-0.00866811060426655,0.0485481505585954,0.0156044540088549,0.0456832861652805,-0.0569935404649204,-0.0561648605457197,-0.0602502409497598,0.0211411552975531,-0.0672294722716828,0.0418678322798043,-0.0471399034512061,-0.0492372389475417,-0.00493908050906635,0.017553884730704,-0.0635842765691189
"sROI_bonethickness03",-0.182388516276216,0.147227386070558,0.165611903072604,0.250641822191885,0.0985570899488718,0.015515193207647,0.212906112117904,0.367572080448135,0.265407034905005,0.230101017907079,0.0902047556170411,-0.131662788370807,-0.136419325483426,0.15866624252978,0.29834603914184,0.260925992479606,0.338400770993661,0.072306765998797,-0.072306765998797,0.844311125891928,0.603917016198809,1,0.768097461660572,0.417660023550087,0.514790804198818,0.405446690725137,0.767245727220426,0.269946480628613,0.165495636097521,0.14042279616719,0.115657571394098,0.262789323651995,0.158868357455955,-0.118468287485838,0.0297695030022158,-0.0456896411163642,0.153018420167244,-0.143376477699584,0.283943367211853,-0.043927090113501,-0.0212917906473146,0.048070667403149,0.0793657222780219,0.0108441392267049
"sROI_bonethickness04",-0.0134130088846224,0.0647333391823419,0.0670705418341729,0.0815801854539589,0.0805523901105051,0.0634698874513082,0.0799276845131256,0.244386959449142,0.0775617113788398,0.0836534861707745,0.0129329836313648,0.068443415721621,-0.0637417058736552,-0.0279018695738836,0.152125696796862,0.41898690856386,0.371651887905247,0.21546340480965,-0.21546340480965,0.923656969121631,0.78299396560426,0.768097461660572,1,0.398275838043076,0.472601243731197,0.313652833874179,0.949119993861753,0.310144538874919,0.101580522258242,-0.00945635839253788,0.0317749987318986,0.0441909687704373,0.0508489884932262,-0.0788688677304592,-0.0390514077459549,-0.0663418789194686,0.0322795612815605,-0.107140986212291,0.0960985522488223,-0.0490790668953098,-0.049553919915654,0.0176877396705154,0.0363684939898908,-0.0440407277470104
"sROI_bonethickness05",0.15653245062861,0.118614545622285,-0.102901128604478,-0.00366761203070563,0.121853071550967,0.174002541548297,0.0732162759389839,0.0262111129632799,-0.0594545095188696,0.00717594175719306,0.0232929491796781,0.00654229878949169,-0.018479584117074,-0.00645214556903231,-0.00215384033476293,0.191776582250434,0.136919324814192,0.176987234800139,-0.176987234800139,0.567086691655996,0.39197152941543,0.417660023550087,0.398275838043076,1,0.359404715315423,0.186154678922554,0.408183118410586,0.49503089019608,0.0787974125363125,0.0955354195728825,-0.0784609948193569,0.00731184510152439,-0.0777364634640954,0.452423946000276,0.029633390478196,0.0209400889503375,-0.0828526647949847,0.171082665993354,-0.00969356291733144,-0.0119116750127869,0.000933249977943127,0.0293622841333683,0.0183200116859579,0.00128033805762188
"sROI_bonethickness06",0.0402875247076602,0.158932178611834,-0.00181847396822584,0.0372029864396463,0.0737465989413133,0.0987388012835317,0.030106387395508,0.123393944869582,0.0238279729724906,0.0569517368814069,0.0230934006868454,-0.0383565616998233,-0.0642732102715118,0.0564107794423264,0.034040922491869,0.199550918148844,0.236616293429946,0.181748154908337,-0.181748154908337,0.594680833667001,0.43399262327965,0.514790804198818,0.472601243731197,0.359404715315423,1,0.620850428366469,0.456730689759525,0.229567030379487,0.0616508378168307,-0.0479932494644799,-0.0351582081702618,-0.0187175755144628,-0.019430286878503,-0.0920401074281985,-0.0823876403082022,-0.0149122931649258,-0.037090499096273,-0.123562669571246,0.037298040248818,-0.0481771957807923,-0.0138387216210924,-0.00736667941438269,0.0308292237788477,-0.009858246393229
"sROI_bonethickness07",-0.135252469752542,0.247515968849362,0.108793845343591,0.185551603497655,0.0744093737940085,0.00516336936513247,0.120235516798683,0.161026792113133,0.148963618648835,0.111888265328847,0.056770006604268,-0.259709719690124,-0.245766075008617,0.323301852555806,0.104311865019839,0.146913174060844,0.239035131646983,0.027219691508735,-0.027219691508735,0.404144383864438,0.258991721049058,0.405446690725137,0.313652833874179,0.186154678922554,0.620850428366469,1,0.300847029122365,0.0635914528995299,0.176447590889014,0.11235349891419,0.0385987138624052,0.16294908083568,0.128113557095701,-0.0766114257119799,0.0367870234154383,-0.102696415408968,0.120815995200427,-0.121174900351136,0.184450130595978,0.0027572811723829,-0.00391448385911607,-0.0133110247930435,0.0721479617951335,0.0616085085778285
"sROI_bonethickness08",-0.0316411221564719,0.0696199145058898,0.0883494476670255,0.0792162081080183,0.0645030039212563,0.0414895224048681,0.0703207497206197,0.2804177494966,0.109880309769538,0.11327339508926,0.0232770608831781,0.0643351569986444,-0.0501556194152151,-0.0318728685267828,0.174977833576238,0.381990861240883,0.336718441144965,0.173818073527861,-0.173818073527861,0.922504840648081,0.777774742441009,0.767245727220426,0.949119993861753,0.408183118410586,0.456730689759525,0.300847029122365,1,0.307484317451871,0.0739195958449116,-0.00755596141734102,0.015020873589443,0.0548174220798947,0.0311797761084279,-0.0875180614449038,-0.0212059429872422,-0.062283409515216,0.0195606216731688,-0.0919125573574747,0.0986650754414517,-0.0604400576687055,-0.05426296537144,0.0237574192557354,0.0398163812769724,-0.04753851188858
"sROI_bonethickness09",0.248092175103085,0.10543329996109,-0.208823660305423,-0.0588463730252423,0.134114991794721,0.242095119318085,0.019416568016553,-0.0441088510049336,-0.144016509570293,-0.0541205388290259,-0.00421312057966209,0.11784903016968,0.0595844868040053,-0.127295065926863,-0.109632203499102,0.167010639978217,0.0956736914507031,0.191027812493909,-0.191027812493909,0.481768749151205,0.327774907941144,0.269946480628613,0.310144538874919,0.49503089019608,0.229567030379487,0.0635914528995299,0.307484317451871,1,0.0575413397993472,0.158084572951737,-0.0529078019073765,-0.00160824179158136,-0.127468981824515,0.29065664253544,0.078631256651645,0.120765718083822,-0.126687496650121,0.717491693523373,-0.0876343349946318,-0.0332658062225185,0.000345524748998102,0.0324225683177853,0.00449248971576028,-0.0559153604891411
"tis_head",0.0509951232025423,0.129898090209036,-0.0044931528707198,0.574263851816167,0.621727231092209,0.499243571052163,0.526553242933764,-0.00433195534836231,0.0584772420184928,0.100584910648264,0.127433971944178,-0.156803427453487,-0.238887427864637,0.240659091124415,-0.0313428129796114,0.0711746604208941,0.246206339438233,0.0585863260839615,-0.0585863260839615,0.1375453220756,0.11845174423855,0.165495636097521,0.101580522258242,0.0787974125363125,0.0616508378168307,0.176447590889014,0.0739195958449116,0.0575413397993472,1,0.46466294850084,0.568989321260425,0.409424357766288,0.623771854684495,-0.0184749520352323,0.0427882669520125,-0.102139824498547,0.604329548208471,-0.0549071708308232,0.5185925887889,-0.108221048032693,-0.0746560275902858,-0.0440391854940059,0.165452611905742,0.000101151879574885
"sROI_headthickness01",-0.413038917085606,0.00826169254191983,0.290998238185604,0.559061049281896,0.217518764569891,-0.0239698618570695,0.472523647463661,0.138641554207821,0.428679576972429,0.309250769167054,0.203707238874065,-0.202592605552938,-0.0306149359104425,0.16998188004707,0.353848594833328,-0.103009768673712,0.0573672962187604,-0.227639824517179,0.227639824517179,0.0821748567754134,-0.00866811060426655,0.14042279616719,-0.00945635839253788,0.0955354195728825,-0.0479932494644799,0.11235349891419,-0.00755596141734102,0.158084572951737,0.46466294850084,1,0.669558941984108,0.846524377474133,0.686508930532841,0.418221030842271,0.56052319815459,0.3729170752921,0.708252956746205,0.352864248977511,0.557301936615671,-0.0985721914263836,-0.109191989561791,0.0224550014952164,0.087126238998573,-0.0122966061205791
"sROI_headthickness02",-0.181280010752373,-0.0937835330134503,0.227441489100321,0.498784728638898,0.361505122801223,0.168097017510809,0.45485299756096,0.159498221594998,0.276807580854914,0.250031897535152,0.197034691132231,-0.0324945130066725,-0.00845975714334586,0.0359776445696141,0.171128169096628,-0.15811274735977,0.052458195799049,-0.15166749553778,0.15166749553778,0.0409985526242834,0.0485481505585954,0.115657571394098,0.0317749987318986,-0.0784609948193569,-0.0351582081702618,0.0385987138624052,0.015020873589443,-0.0529078019073765,0.568989321260425,0.669558941984108,1,0.495593524525091,0.756327321583366,0.0199822906799,0.234624160075188,0.256644055671411,0.753161098356815,-0.00499793356769801,0.488239741064521,-0.100394753816196,-0.0854238626860038,-0.0516550657308462,0.0994313931930592,-0.0606216536203291
"sROI_headthickness03",-0.606235422643335,0.0294242230156732,0.423783019575937,0.649561566791837,0.148133908355533,-0.156237883793787,0.50192063822662,0.205479191958631,0.558906408733916,0.366183208070155,0.20633361190462,-0.304170653153374,-0.0672799442587179,0.265296889835589,0.492977739767072,-0.0616228446709677,0.122831653149512,-0.255202547341633,0.255202547341633,0.105015032671701,0.0156044540088549,0.262789323651995,0.0441909687704373,0.00731184510152439,-0.0187175755144628,0.16294908083568,0.0548174220798947,-0.00160824179158136,0.409424357766288,0.846524377474133,0.495593524525091,1,0.568767124543563,0.18348508449419,0.338837225068389,0.115817202681525,0.595240663526547,0.120541589242711,0.674016568381751,-0.0901520658154628,-0.116932673769076,0.0246958897628847,0.103951405900928,0.0218718041185422
"sROI_headthickness04",-0.256780139350279,-0.056316696535906,0.265227116780072,0.501432308039731,0.326899340436093,0.103852752414411,0.438950294499516,0.228567418081379,0.361748546964934,0.314590196521838,0.22819445520154,-0.177834821473839,-0.109836209270171,0.199552838731894,0.249110640057279,-0.198270410771933,0.0454364636162205,-0.254571078178693,0.254571078178693,0.0486441585029849,0.0456832861652805,0.158868357455955,0.0508489884932262,-0.0777364634640954,-0.019430286878503,0.128113557095701,0.0311797761084279,-0.127468981824515,0.623771854684495,0.686508930532841,0.756327321583366,0.568767124543563,1,-0.0262168815764009,0.148325271004691,0.0198052202311961,0.95964609477212,-0.09948668835127,0.520003696435441,-0.122507471643617,-0.1092762019597,-0.0404406398753647,0.100530471375965,-0.0222001865751782
"sROI_headthickness05",0.0121832518741145,0.0202837216386246,-0.0764374086887516,0.0014916495677237,-0.0156401983909279,0.00830361985511252,0.0187095112124452,-0.128715916052723,-0.00151256559424414,-0.00149138554060126,0.0289208758752648,0.0134690270365532,0.0721269077548853,-0.0542615963287211,-0.00145339950572189,0.0105103682264068,-0.0835350280531806,0.00967431331540106,-0.00967431331540106,0.0214650779764921,-0.0569935404649204,-0.118468287485838,-0.0788688677304592,0.452423946000276,-0.0920401074281985,-0.0766114257119799,-0.0875180614449038,0.29065664253544,-0.0184749520352323,0.418221030842271,0.0199822906799,0.18348508449419,-0.0262168815764009,1,0.328896830683879,0.253926248114708,-0.0101709229032294,0.468884145983933,-0.0258451214635575,-0.0132328111860953,-0.0214851913380425,0.0688582568464016,-0.0114542874941361,0.00457195717769083
"sROI_headthickness06",-0.264518935559206,0.0662178105073934,0.135238151713193,0.203893593622082,-0.0409858082153825,-0.126908224550385,0.153223645305834,0.0381882216775623,0.189084327891364,0.0974524109141971,0.0227881071299287,-0.11657052609708,-0.0317094929612934,0.0961972867751155,0.215286549161707,0.0410322098406963,0.016153217316249,-0.090792014943981,0.090792014943981,0.0131877654933543,-0.0561648605457197,0.0297695030022158,-0.0390514077459549,0.029633390478196,-0.0823876403082022,0.0367870234154383,-0.0212059429872422,0.078631256651645,0.0427882669520125,0.56052319815459,0.234624160075188,0.338837225068389,0.148325271004691,0.328896830683879,1,0.689038033709175,0.17337828274071,0.26984831513422,0.177106871696635,0.0239733797999684,-0.0279030579034016,0.0358471508409808,0.0349540081306838,-0.00364665007118767
"sROI_headthickness07",-0.0669992238429885,-0.00649028908690035,0.0139719020218166,-0.0176882582719708,-0.0570449207562684,-0.0622465024022361,-0.0177606225917926,-0.0257429997469767,0.0365196258343324,0.016539148787236,0.00957935772304809,0.0803508544646243,0.17955164616558,-0.157337949272303,0.071053314332274,-0.030911878695491,-0.0758147672734306,-0.037333996854167,0.037333996854167,-0.0148484443184403,-0.0602502409497598,-0.0456896411163642,-0.0663418789194686,0.0209400889503375,-0.0149122931649258,-0.102696415408968,-0.062283409515216,0.120765718083822,-0.102139824498547,0.3729170752921,0.256644055671411,0.115817202681525,0.0198052202311961,0.253926248114708,0.689038033709175,1,0.0256325850167446,0.272136189483867,-0.0347241852637735,0.0171105471866909,0.0215392818360826,0.0271532623253024,-0.0164370705795024,-0.0588178018394687
"sROI_headthickness08",-0.2970607300203,-0.0523287994575763,0.293134369927147,0.52077403045815,0.301591799877757,0.067877146709756,0.439742216410745,0.229658869127378,0.381260360135982,0.317771844164946,0.21887241540844,-0.203473241829587,-0.11816624931148,0.223689878368889,0.279882588637658,-0.192358635540953,0.0478557704499244,-0.270133044500169,0.270133044500169,0.0330644081313304,0.0211411552975531,0.153018420167244,0.0322795612815605,-0.0828526647949847,-0.037090499096273,0.120815995200427,0.0195606216731688,-0.126687496650121,0.604329548208471,0.708252956746205,0.753161098356815,0.595240663526547,0.95964609477212,-0.0101709229032294,0.17337828274071,0.0256325850167446,1,-0.0862062666027862,0.53790621048547,-0.114851114185404,-0.109895713009672,-0.0588847157717433,0.0962466928445435,-0.0146660313209961
"sROI_headthickness09",0.0976357540121764,0.0529376878015472,-0.130965292997991,-0.0612511470886815,-0.00305693713947444,0.0597561555206835,-0.0321431198725817,-0.184829081482928,-0.105622831108385,-0.088415123476105,-0.0314997738777712,0.0639379582181981,0.0922500465390304,-0.101323374502078,-0.040994093609005,0.0388577297510856,-0.0371028756629741,0.0670896869962899,-0.0670896869962899,0.0210520970730984,-0.0672294722716828,-0.143376477699584,-0.107140986212291,0.171082665993354,-0.123562669571246,-0.121174900351136,-0.0919125573574747,0.717491693523373,-0.0549071708308232,0.352864248977511,-0.00499793356769801,0.120541589242711,-0.09948668835127,0.468884145983933,0.26984831513422,0.272136189483867,-0.0862062666027862,1,-0.0862253541798185,-0.00499785687253163,0.00391282203162227,0.0531677989004833,-0.00667277547276489,-0.0361770881791212
"waist",-0.501589804677307,0.0738743482517501,0.387965937067366,0.85583792414021,0.466384472080118,0.129740345060265,0.72436900112062,0.131368058369651,0.487330105907967,0.330261371312305,0.213648204306502,-0.278127542369063,-0.121608006229324,0.272541347397175,0.44287637155435,0.0148892663695749,0.213581838128728,-0.146938800118793,0.146938800118793,0.118858235158698,0.0418678322798043,0.283943367211853,0.0960985522488223,-0.00969356291733144,0.037298040248818,0.184450130595978,0.0986650754414517,-0.0876343349946318,0.5185925887889,0.557301936615671,0.488239741064521,0.674016568381751,0.520003696435441,-0.0258451214635575,0.177106871696635,-0.0347241852637735,0.53790621048547,-0.0862253541798185,1,-0.0945213552126556,-0.0660914696568988,-0.0419689974271334,0.189801703731521,0.0291605315873528
"walk",-0.0309175902273655,-0.00131505959822207,-0.0282228226043968,-0.0859981200962575,-0.133738194432292,-0.109954112105927,-0.0717842284384213,-0.0272972584728816,-0.0159855584931771,-0.0218655431503451,-0.0354173148968673,-0.00197033890052001,0.0359824709379493,-0.0254406571873693,-0.038230191165813,-0.00269360388878469,-0.0454596520462593,-0.00234946941689212,0.00234946941689212,-0.0598635345369717,-0.0471399034512061,-0.043927090113501,-0.0490790668953098,-0.0119116750127869,-0.0481771957807923,0.0027572811723829,-0.0604400576687055,-0.0332658062225185,-0.108221048032693,-0.0985721914263836,-0.100394753816196,-0.0901520658154628,-0.122507471643617,-0.0132328111860953,0.0239733797999684,0.0171105471866909,-0.114851114185404,-0.00499785687253163,-0.0945213552126556,1,0.351017566837615,0.157339195489568,-0.0350548520246805,0.0196525169302864
"moderate_PA",0.0244145908046752,0.166850482116398,-0.0421404433522793,-0.0679180340436298,-0.0431511512888272,-0.0187300327128338,-0.0613918300380488,-0.0502774642857051,-0.0364524616959284,-0.0300160225984007,-0.0215506576975608,-0.0491793955182376,0.00252075606757284,0.0388945833258636,-0.0661480635061909,0.0148054704583792,-0.0233815650455459,0.00272990643476178,-0.00272990643476178,-0.0448897909245201,-0.0492372389475417,-0.0212917906473146,-0.049553919915654,0.000933249977943127,-0.0138387216210924,-0.00391448385911607,-0.05426296537144,0.000345524748998102,-0.0746560275902858,-0.109191989561791,-0.0854238626860038,-0.116932673769076,-0.1092762019597,-0.0214851913380425,-0.0279030579034016,0.0215392818360826,-0.109895713009672,0.00391282203162227,-0.0660914696568988,0.351017566837615,1,0.272466933265485,-0.0300262597475034,0.0262868591584262
"vigorous_PA",-0.0277343024514287,-0.0385640845814788,0.0279298303189647,-0.0558932849509736,-0.0818276211982207,-0.0817323810670237,-0.00887675220612853,0.021000669598249,0.0645027282682563,0.0621228227908578,0.0543982757968533,0.00925465684663132,0.0736341705307829,-0.0430626115149643,0.0520891090517975,-0.00860408386298978,-0.0365859486310511,-0.0127299635119515,0.0127299635119515,0.0253141438218643,-0.00493908050906635,0.048070667403149,0.0176877396705154,0.0293622841333683,-0.00736667941438269,-0.0133110247930435,0.0237574192557354,0.0324225683177853,-0.0440391854940059,0.0224550014952164,-0.0516550657308462,0.0246958897628847,-0.0404406398753647,0.0688582568464016,0.0358471508409808,0.0271532623253024,-0.0588847157717433,0.0531677989004833,-0.0419689974271334,0.157339195489568,0.272466933265485,1,0.0310115087848703,-0.00733924440799059
"smoking",-0.0416467093727652,0.0523399270289666,0.0165486933354634,0.191738723848502,0.129171961890395,0.106506063766652,0.171414848150136,-0.021843585644977,0.0618539476017512,0.0481669953557371,0.0842703532867494,-0.110419558615947,-0.0938307791150002,0.136620531028018,0.0402811515705397,0.0548127149105037,0.102609299464222,0.0299764785866308,-0.0299764785866308,0.0490206603365171,0.017553884730704,0.0793657222780219,0.0363684939898908,0.0183200116859579,0.0308292237788477,0.0721479617951335,0.0398163812769724,0.00449248971576028,0.165452611905742,0.087126238998573,0.0994313931930592,0.103951405900928,0.100530471375965,-0.0114542874941361,0.0349540081306838,-0.0164370705795024,0.0962466928445435,-0.00667277547276489,0.189801703731521,-0.0350548520246805,-0.0300262597475034,0.0310115087848703,1,0.102968669473057
"r_alcohol",-0.105387062488771,0.0945662260329005,0.106879036440309,0.0336957416120027,-0.118054905774832,-0.107553499535054,-0.110368067540185,-0.0483297342418542,0.0420858411954622,-0.00503337235956491,-0.0129938581377892,-0.177190129800655,-0.0800046280540919,0.167475565475349,0.125635648062727,0.0980560678797675,0.087664531551174,0.0478769826036649,-0.0478769826036649,-0.0494107155845752,-0.0635842765691189,0.0108441392267049,-0.0440407277470104,0.00128033805762188,-0.009858246393229,0.0616085085778285,-0.04753851188858,-0.0559153604891411,0.000101151879574885,-0.0122966061205791,-0.0606216536203291,0.0218718041185422,-0.0222001865751782,0.00457195717769083,-0.00364665007118767,-0.0588178018394687,-0.0146660313209961,-0.0361770881791212,0.0291605315873528,0.0196525169302864,0.0262868591584262,-0.00733924440799059,0.102968669473057,1
