"","age","sit_height","VAT","ASAT","fat_percent","BMI","BMD_head","BMD_total","T_BMD_total","femur_BMD","tismri_volr01","tismri_volr02","tismri_volr03","tismri_TIV","tis_bone","vROI_bonecortex03","sROI_bonecortex03","main_sBMDH","sROI_bonethickness01","sROI_bonethickness02","sROI_bonethickness03","sROI_bonethickness04","sROI_bonethickness05","sROI_bonethickness06","sROI_bonethickness07","sROI_bonethickness08","sROI_bonethickness09","tis_head","sROI_headthickness01","sROI_headthickness02","sROI_headthickness03","sROI_headthickness04","sROI_headthickness05","sROI_headthickness06","sROI_headthickness07","sROI_headthickness08","sROI_headthickness09","waist","walk","moderate_PA","vigorous_PA","smoking","r_alcohol"
"age",1,-0.114392748564879,0.107047184970136,0.0188998270215712,0.0850659774462905,0.0223498365563688,-0.0170593293388867,-0.0506635719957742,-0.0507311526686023,-0.0570235985199672,-0.498712042119976,-0.273562164976228,0.5147825050578,0.0162641575475074,0.0697211070279018,0.105180669501459,0.0395577784473819,-0.0395577784473819,0.0747811771199016,-0.0405928192888437,0.107783404018899,0.00569265941584903,0.123116425793111,0.167737303925665,0.219342794676068,0.0371972316055409,0.113708883809045,0.158266875868312,-0.0145362710532955,-0.0962182338609262,0.00317259920309615,-0.0921740039100237,0.0126139564460823,0.0448646619147196,-0.0394040838786821,-0.080790488964954,0.0713844043608585,0.0783649571801878,0.0017981153428477,0.15864892634558,-0.106770654376291,-0.00664912013339548,0.0341729427378205
"sit_height",-0.114392748564879,1,0.149996682045388,0.136973945268311,-0.000995620403607707,-0.0190233444901713,0.15681770294086,0.151461059992987,0.151487494148857,0.0775030041642934,0.0644497089494879,0.00911089069345659,-0.0445361822898439,0.285664576964267,-0.0188771071110596,-0.0273638174729363,-0.0851161323234278,0.0851161323234278,0.0665967470889983,0.0715003304362937,0.0711996777919087,0.120289752610827,-0.0349261485578874,0.0577941655506872,0.0619392929526223,0.13644306679341,-0.104561096543377,0.0483600794628649,0.0724803745209341,0.198237442566535,0.0667856239391279,0.180886464795341,-0.0946476228488263,-0.030136705895385,-0.00592244483606935,0.179087200303112,-0.0992609748091571,0.142775217333221,-0.143503408668831,-0.019429552270208,-0.0106236491742566,-0.0057333834444039,0.0514595597027525
"VAT",0.107047184970136,0.149996682045388,1,0.731967351705489,0.78769186807635,0.661941624502537,-0.0424165727202841,0.182922081638976,0.18293574852391,0.192718092122837,-0.150447809524543,-0.125920258851128,0.176755756806742,0.0975325571525728,0.0847942804381491,0.296137253870898,0.0807723734914663,-0.0807723734914663,0.197576901726065,0.106739020258658,0.279634569650578,0.123280347915033,0.138072098798239,0.129845683429402,0.14285652571167,0.127540524771826,0.127027636499853,0.708120647994291,0.435939411458015,0.489045452764004,0.445173071428901,0.475113829468978,0.00593282430084834,0.0976327335604911,0.000494546013791368,0.474262568726388,-0.000480097954958873,0.791542765116904,-0.155708989321198,-0.0352494348182723,-0.115422081148079,0.146924834044664,-0.0661968166415109
"ASAT",0.0188998270215712,0.136973945268311,0.731967351705489,1,0.827168914259874,0.728060676496722,0.0294976568224024,0.182071138502798,0.182073237402223,0.164294781008349,-0.131890019230673,-0.0782702985268599,0.141060528038809,0.124037452057404,0.0532195409415668,0.270835493342181,0.0281663389171469,-0.0281663389171469,0.215965208875652,0.129171032085597,0.310062554106733,0.150945553518374,0.140145086851687,0.157988877872843,0.190968382289183,0.150718866665249,0.0720261276621544,0.653212853532495,0.428914112301899,0.499091644061378,0.463451557420417,0.499465301784211,-0.0309583995486061,0.0660300304590048,0.000161712662375065,0.492529872685227,-0.0541195496736755,0.839484257871218,-0.129071646935969,0.015644031852484,-0.0705159643310865,0.114627967257303,-0.0798383372182273
"fat_percent",0.0850659774462905,-0.000995620403607707,0.78769186807635,0.827168914259874,1,0.677311208234207,-0.049441852754588,0.108258311396529,0.10824495917989,0.124389597744101,-0.117994844993868,-0.0953803154078912,0.143946794238894,0.00766857869809954,0.10936197734512,0.300665531577264,0.0881143493142809,-0.0881143493142809,0.21788154820132,0.135534817985006,0.299585283718111,0.128245400914905,0.153272253210814,0.15535624314424,0.164443752004289,0.125591147855216,0.15637919991347,0.647744625796352,0.392847000111834,0.426188718465375,0.418214637853028,0.413609237915398,0.00334668999763812,0.0943576662673621,0.0105732946276557,0.403372068795526,0.0107706768744842,0.77230364066129,-0.111329223516681,0.0085138347343168,-0.0680407291623641,0.16119460866341,-0.0720627285983491
"BMI",0.0223498365563688,-0.0190233444901713,0.661941624502537,0.728060676496722,0.677311208234207,1,0.0635747977329941,0.285923835546664,0.285945224534833,0.30105111964017,-0.198743288327812,-0.0579267112799805,0.178705951539163,0.0813188233103117,-0.0334546938006116,0.217329870787914,0.0138944379999552,-0.0138944379999552,0.17183025586374,0.103957601983908,0.282370215788458,0.0735397344669289,0.149370616376765,0.114485320133395,0.16050360456392,0.0720024539221699,0.0787975672553329,0.567544769719135,0.461970926522249,0.468071560293943,0.484215767450147,0.472736765912799,0.0272228036641086,0.152240609623097,0.025175596380535,0.471031606976008,-0.0289716676894537,0.746951055036499,-0.118976183140621,-0.052921892980843,-0.0222622339138126,0.164308124071807,-0.080779449666483
"BMD_head",-0.0170593293388867,0.15681770294086,-0.0424165727202841,0.0294976568224024,-0.049441852754588,0.0635747977329941,1,0.656270304083166,0.656264304807563,0.367851352233842,-0.0425793200116123,0.00888891726263099,0.0424370940043633,0.142994738842703,-0.42882806216561,-0.343994544489916,-0.670727581346976,0.670727581346976,0.332743114844977,0.33511386896828,0.406447809583971,0.312952737854415,0.00787736083284001,0.203652229710149,0.180398200558816,0.334683139024119,-0.00979444082322942,-0.0522892003763086,0.0506827872458576,0.139633846749939,0.0793312670369194,0.210687934977782,-0.182179845836332,0.00285749956715825,-0.00186403954563208,0.212960322507577,-0.175333621750501,0.0138247580880538,-0.037030716980297,0.0146960538985248,0.0737747000221151,-0.0836407681776422,-0.0453852177740026
"BMD_total",-0.0506635719957742,0.151461059992987,0.182922081638976,0.182071138502798,0.108258311396529,0.285923835546664,0.656270304083166,1,0.999999543998146,0.754269455385224,-0.0333230572615367,0.0623532490862629,0.00472832098478615,0.112466620663278,-0.423920460047344,-0.306625111936459,-0.571582624716112,0.571582624716112,0.208731698031962,0.191746143411281,0.270628993962032,0.149693468329733,0.064062942089364,0.161971454758969,0.124131937298582,0.168664415185068,0.0361757845171076,0.0849216573844505,0.195063030385737,0.222464548606287,0.195394501025344,0.284374658448585,-0.0512884033082216,0.00555328674626252,0.0388758392354376,0.287960215129222,-0.0775572296744128,0.201984631378879,-0.0581240290555247,0.0166207937699898,0.0736128436727386,0.00376828203322429,-0.0353273809074272
"T_BMD_total",-0.0507311526686023,0.151487494148857,0.18293574852391,0.182073237402223,0.10824495917989,0.285945224534833,0.656264304807563,0.999999543998146,1,0.754320041280165,-0.0333316229216265,0.0624233492675734,0.00469798443490435,0.112460516541119,-0.423941933657929,-0.306647121948019,-0.57161090369159,0.57161090369159,0.208701034874742,0.191734753556996,0.270593070326156,0.14966408143214,0.0640320253487137,0.161954259025354,0.124086424170292,0.168626194881012,0.0361826939410841,0.0849381153730659,0.195090424454721,0.222517572814938,0.195407687010317,0.284390694038907,-0.0512655515229526,0.00553154225892605,0.0389119325816167,0.28797848247135,-0.0775228079517792,0.201982383662903,-0.0581107357391664,0.0166614999762864,0.0736260766680856,0.00375955728924994,-0.0353006293198399
"femur_BMD",-0.0570235985199672,0.0775030041642934,0.192718092122837,0.164294781008349,0.124389597744101,0.30105111964017,0.367851352233842,0.754269455385224,0.754320041280165,1,-0.0474498167325337,0.0578412734262008,0.0143412990123889,0.0340310809410697,-0.315495007021876,-0.189865148017356,-0.402186784406792,0.402186784406792,0.0840493123347189,0.0664198032140432,0.132420363106165,0.0255552080608073,0.0618912644774006,0.109788313597693,0.115315587402945,0.0372097079830966,0.00959595976565737,0.126299350129056,0.192299164887741,0.197798283411887,0.173164540970062,0.253152262836015,0.00211608856592652,0.0134636221776156,0.0410727572767753,0.251037722275418,-0.0509209569059306,0.200616882403513,-0.044558200369767,-0.000591446000092259,0.0135754805566187,0.0765429996848931,0.014282110638207
"tismri_volr01",-0.498712042119976,0.0644497089494879,-0.150447809524543,-0.131890019230673,-0.117994844993868,-0.198743288327812,-0.0425793200116123,-0.0333230572615367,-0.0333316229216265,-0.0474498167325337,1,0.184374167940245,-0.838389083041465,-0.223424537248325,-0.0370122012551881,-0.0927283166476483,0.0213333040851729,-0.0213333040851729,0.0354412203416215,0.185135747496953,-0.0843062642609171,0.0576747557235253,-0.0362743605324183,-0.0923953276375968,-0.224409565796948,0.0487293709533036,0.0293105912846152,-0.176763039391794,-0.0675806619307031,0.04340056813704,-0.167012365078951,-0.060627328391546,0.0362368927887144,-0.0127497046360004,0.110023196881729,-0.074021441703413,0.0315116430690755,-0.139254209842576,0.00962889474343383,0.00161544049169112,0.0148672746686282,-0.0585489776452807,-0.0799315938403976
"tismri_volr02",-0.273562164976228,0.00911089069345659,-0.125920258851128,-0.0782702985268599,-0.0953803154078912,-0.0579267112799805,0.00888891726263099,0.0623532490862629,0.0624233492675734,0.0578412734262008,0.184374167940245,1,-0.661451777628918,0.020018784020484,-0.20895473563725,-0.223299341890719,-0.0989789720439257,0.0989789720439257,-0.0916021500383081,0.00401840750903915,-0.160585663318395,-0.0995849520004413,-0.0737111478837525,-0.136397983972761,-0.252950564801168,-0.0925877676579503,0.0686434506662026,-0.253458332892718,0.051953760575687,0.0187595204438689,0.00559133376635068,-0.0756781775387745,0.0729204052037274,0.0657049022424321,0.23324702930909,-0.071558973264395,0.142577351604148,-0.0983229534592622,0.0645623799326441,0.032226698887944,0.0513062547402289,-0.0572050538157456,-0.0224070473824388
"tismri_volr03",0.5147825050578,-0.0445361822898439,0.176755756806742,0.141060528038809,0.143946794238894,0.178705951539163,0.0424370940043633,0.00472832098478615,0.00469798443490435,0.0143412990123889,-0.838389083041465,-0.661451777628918,1,0.151800331673327,0.122457920897617,0.173458009717811,0.0144005157158966,-0.0144005157158966,0.0212892550686323,-0.139937083069499,0.149076577847945,0.007848822753419,0.0591234807025172,0.134868425790012,0.31185065289338,0.0103570574937181,-0.0673918269778532,0.27216602104081,0.0193924966783905,-0.0325707294671023,0.119641887750892,0.0965108172598482,-0.0741412914305604,-0.0397843076258482,-0.221114851884611,0.102539232235965,-0.112437274965907,0.16268030756622,-0.0606344017523728,-0.0152611388285488,-0.0317608512171404,0.0848690292322182,0.0706620571029851
"tismri_TIV",0.0162641575475074,0.285664576964267,0.0975325571525728,0.124037452057404,0.00766857869809954,0.0813188233103117,0.142994738842703,0.112466620663278,0.112460516541119,0.0340310809410697,-0.223424537248325,0.020018784020484,0.151800331673327,1,0.0559938116097131,0.0564082923407674,-0.0313438561817432,0.0313438561817432,0.227121693545063,0.122189491948545,0.252794745782652,0.230097150477929,0.167185464829019,0.112320950849427,0.0193999537902055,0.24434906217565,0.110726285507159,0.0219427618005988,0.0987519155979849,0.0832885171411639,0.11140965366011,0.0941206095180167,0.0249763257035983,0.0287576364109122,0.0212517500270841,0.105948223049437,0.0479463380867766,0.145372963814625,-0.138435168095874,-0.0453383830481168,0.0596412519538668,-0.00884605059253611,0.115455156049372
"tis_bone",0.0697211070279018,-0.0188771071110596,0.0847942804381491,0.0532195409415668,0.10936197734512,-0.0334546938006116,-0.42882806216561,-0.423920460047344,-0.423941933657929,-0.315495007021876,-0.0370122012551881,-0.20895473563725,0.122457920897617,0.0559938116097131,1,0.731325460070162,0.752104460227123,-0.752104460227123,0.384641452474664,0.34030484228625,0.236437171523875,0.438181829266501,0.20097427176561,0.141349833854432,0.0771418438565495,0.40616363770016,0.219050322150894,0.133585487461515,-0.0793989344366223,-0.157873401967987,-0.0406157891176904,-0.249580273374747,0.0935248148468595,0.0690883889008795,-0.0339208745808685,-0.243729792473131,0.0769791578867917,0.0343489415115554,-0.0034099728493804,0.0167593458822498,-0.0253911544644042,0.0716744611182051,0.0679210390501076
"vROI_bonecortex03",0.105180669501459,-0.0273638174729363,0.296137253870898,0.270835493342181,0.300665531577264,0.217329870787914,-0.343994544489916,-0.306625111936459,-0.306647121948019,-0.189865148017356,-0.0927283166476483,-0.223299341890719,0.173458009717811,0.0564082923407674,0.731325460070162,1,0.678087119200852,-0.678087119200852,0.349178768137691,0.292064404372174,0.348311332480583,0.354904453688643,0.116889655196084,0.184668054128485,0.203252032910574,0.341984401806243,0.119801299331816,0.416609832310785,0.1072769431303,0.108736066260255,0.178561015100454,0.0886935632888353,-0.0488797510383462,0.0339354173705695,-0.0821882846981765,0.0857101151827177,-0.029592455790261,0.259028050359942,-0.0876850812409904,-0.0369414909335247,-0.0457130354352366,0.13731648695497,0.027479328177011
"sROI_bonecortex03",0.0395577784473819,-0.0851161323234278,0.0807723734914663,0.0281663389171469,0.0881143493142809,0.0138944379999552,-0.670727581346976,-0.571582624716112,-0.57161090369159,-0.402186784406792,0.0213333040851729,-0.0989789720439257,0.0144005157158966,-0.0313438561817432,0.752104460227123,0.678087119200852,1,-1,0.112138686677266,0.0664030173906074,0.0342247871837878,0.143881244760044,0.0983846723756628,0.0911864165883679,0.0112347895674775,0.115015988396241,0.113915145679498,0.114244092515801,-0.0924599084107763,-0.106967437722404,-0.0434836890685843,-0.229407178284594,0.0736637806213318,0.0121453038683996,-0.0366123124166427,-0.235355497229439,0.0657033022352003,0.0280433145085825,-0.0135185802415865,-0.0247799750329672,-0.0404456296114141,0.11758920062788,0.0246492582491569
"main_sBMDH",-0.0395577784473819,0.0851161323234278,-0.0807723734914663,-0.0281663389171469,-0.0881143493142809,-0.0138944379999552,0.670727581346976,0.571582624716112,0.57161090369159,0.402186784406792,-0.0213333040851729,0.0989789720439257,-0.0144005157158966,0.0313438561817432,-0.752104460227123,-0.678087119200852,-1,1,-0.112138686677266,-0.0664030173906074,-0.0342247871837878,-0.143881244760044,-0.0983846723756628,-0.0911864165883679,-0.0112347895674775,-0.115015988396241,-0.113915145679498,-0.114244092515801,0.0924599084107763,0.106967437722404,0.0434836890685843,0.229407178284594,-0.0736637806213318,-0.0121453038683996,0.0366123124166427,0.235355497229439,-0.0657033022352003,-0.0280433145085825,0.0135185802415865,0.0247799750329672,0.0404456296114141,-0.11758920062788,-0.0246492582491569
"sROI_bonethickness01",0.0747811771199016,0.0665967470889983,0.197576901726065,0.215965208875652,0.21788154820132,0.17183025586374,0.332743114844977,0.208731698031962,0.208701034874742,0.0840493123347189,0.0354412203416215,-0.0916021500383081,0.0212892550686323,0.227121693545063,0.384641452474664,0.349178768137691,0.112138686677266,-0.112138686677266,1,0.85107144037434,0.855711199437898,0.917710537117737,0.529831793350657,0.584800469730048,0.396163712781717,0.91711268462201,0.536032724237893,0.219241365668793,0.162591752997841,0.0598567707217705,0.201482918287576,0.0687462531340239,0.0871249294097016,0.0644966719179697,0.0094981360441417,0.0701883506521682,0.101346475276741,0.207481335923455,-0.105847176300104,0.00850197533370847,0.0393197376603236,0.070014157578725,-0.040574698156397
"sROI_bonethickness02",-0.0405928192888437,0.0715003304362937,0.106739020258658,0.129171032085597,0.135534817985006,0.103957601983908,0.33511386896828,0.191746143411281,0.191734753556996,0.0664198032140432,0.185135747496953,0.00401840750903915,-0.139937083069499,0.122189491948545,0.34030484228625,0.292064404372174,0.0664030173906074,-0.0664030173906074,0.85107144037434,1,0.632929164332358,0.813129669730263,0.323032279926292,0.416747159023411,0.257110937686339,0.800329598268692,0.331614573757043,0.160244676795611,0.0519715090904124,0.0568767055377227,0.0829124375184325,0.0720931445958763,-0.0377208186521709,0.0245057850808071,-0.0176842358300037,0.0669930056973377,-0.0513659802573248,0.13201237722039,-0.050984167268146,-0.0102719559433027,-0.0192000686591149,0.0542100586763655,-0.00618701595690152
"sROI_bonethickness03",0.107783404018899,0.0711996777919087,0.279634569650578,0.310062554106733,0.299585283718111,0.282370215788458,0.406447809583971,0.270628993962032,0.270593070326156,0.132420363106165,-0.0843062642609171,-0.160585663318395,0.149076577847945,0.252794745782652,0.236437171523875,0.348311332480583,0.0342247871837878,-0.0342247871837878,0.855711199437898,0.632929164332358,1,0.754193591881481,0.396104701509986,0.526230422364642,0.374435697526098,0.746961682680017,0.37299644131257,0.270715121571681,0.154988592030535,0.137881958402007,0.27679086959329,0.160814029711024,-0.079328928354657,0.0273548353279861,-0.0320136869697047,0.161782969608165,-0.04832554774051,0.309912583832395,-0.119375560117547,0.0412222559889734,0.0351678747147513,0.0864883502257296,-0.0199949883987658
"sROI_bonethickness04",0.00569265941584903,0.120289752610827,0.123280347915033,0.150945553518374,0.128245400914905,0.0735397344669289,0.312952737854415,0.149693468329733,0.14966408143214,0.0255552080608073,0.0576747557235253,-0.0995849520004413,0.007848822753419,0.230097150477929,0.438181829266501,0.354904453688643,0.143881244760044,-0.143881244760044,0.917710537117737,0.813129669730263,0.754193591881481,1,0.342052034091377,0.455634299889434,0.319912076105095,0.948227627242609,0.342392307525969,0.141651128368678,0.00522088601125544,0.0286236521121561,0.0494491317304228,0.043039906357372,-0.0385796789482773,-0.0208882935584504,-0.0638401174891213,0.0428442116029351,-0.0594031233151932,0.138063650886477,-0.0815019738387816,0.0245222785828332,0.0472136587424463,0.0583477709469422,-0.0347800885055496
"sROI_bonethickness05",0.123116425793111,-0.0349261485578874,0.138072098798239,0.140145086851687,0.153272253210814,0.149370616376765,0.00787736083284001,0.064062942089364,0.0640320253487137,0.0618912644774006,-0.0362743605324183,-0.0737111478837525,0.0591234807025172,0.167185464829019,0.20097427176561,0.116889655196084,0.0983846723756628,-0.0983846723756628,0.529831793350657,0.323032279926292,0.396104701509986,0.342052034091377,1,0.287273102721619,0.139567565164963,0.362039385802777,0.517231353888046,0.158854136666829,0.285755353318955,-0.0496310187735311,0.23163447501172,-0.0582796377069527,0.624822987257965,0.140192120320759,0.068738782503246,-0.042732758212481,0.300596044884317,0.110667234312085,-0.0485731141881217,0.0239057245177685,0.100738863669007,0.0439965804546562,-0.0165313318474436
"sROI_bonethickness06",0.167737303925665,0.0577941655506872,0.129845683429402,0.157988877872843,0.15535624314424,0.114485320133395,0.203652229710149,0.161971454758969,0.161954259025354,0.109788313597693,-0.0923953276375968,-0.136397983972761,0.134868425790012,0.112320950849427,0.141349833854432,0.184668054128485,0.0911864165883679,-0.0911864165883679,0.584800469730048,0.416747159023411,0.526230422364642,0.455634299889434,0.287273102721619,1,0.610360461171611,0.444785107263068,0.25878867589677,0.158380713438048,0.0638866434792067,0.0186749387673287,0.131841771844911,0.0387920604783366,-0.0515464573198644,-0.0504513314919821,-0.0173149925844491,0.0367596376253262,-0.0410824122174724,0.155706142200349,-0.0726049342547057,-0.00694198068592909,-0.0148389849242427,0.0752537988860458,-0.0131666381602159
"sROI_bonethickness07",0.219342794676068,0.0619392929526223,0.14285652571167,0.190968382289183,0.164443752004289,0.16050360456392,0.180398200558816,0.124131937298582,0.124086424170292,0.115315587402945,-0.224409565796948,-0.252950564801168,0.31185065289338,0.0193999537902055,0.0771418438565495,0.203252032910574,0.0112347895674775,-0.0112347895674775,0.396163712781717,0.257110937686339,0.374435697526098,0.319912076105095,0.139567565164963,0.610360461171611,1,0.313894928115365,0.0811392158196399,0.229524759976141,0.0954738299745269,0.0631092172146721,0.148507181670452,0.125962209102861,-0.0876740517379803,-0.0302672476067163,-0.130141076674781,0.124401512419322,-0.09283637539816,0.191568990562589,-0.029781429421682,-0.0355944428180426,-0.0782500804690548,0.0640193766905649,0.0457306391830437
"sROI_bonethickness08",0.0371972316055409,0.13644306679341,0.127540524771826,0.150718866665249,0.125591147855216,0.0720024539221699,0.334683139024119,0.168664415185068,0.168626194881012,0.0372097079830966,0.0487293709533036,-0.0925877676579503,0.0103570574937181,0.24434906217565,0.40616363770016,0.341984401806243,0.115015988396241,-0.115015988396241,0.91711268462201,0.800329598268692,0.746961682680017,0.948227627242609,0.362039385802777,0.444785107263068,0.313894928115365,1,0.34705434482764,0.137618207362494,0.0163016626840094,0.0184721863120623,0.0707682840575251,0.0338834404789904,-0.0405616599814387,-0.00516827778945923,-0.0590217208355759,0.0393552977000438,-0.0333963567990407,0.142798115234931,-0.103695270567292,0.0167055263710948,0.0502063580760463,0.0558382676411935,-0.0411227570015131
"sROI_bonethickness09",0.113708883809045,-0.104561096543377,0.127027636499853,0.0720261276621544,0.15637919991347,0.0787975672553329,-0.00979444082322942,0.0361757845171076,0.0361826939410841,0.00959595976565737,0.0293105912846152,0.0686434506662026,-0.0673918269778532,0.110726285507159,0.219050322150894,0.119801299331816,0.113915145679498,-0.113915145679498,0.536032724237893,0.331614573757043,0.37299644131257,0.342392307525969,0.517231353888046,0.25878867589677,0.0811392158196399,0.34705434482764,1,0.105484419100518,0.348437382099494,-0.0313542182093941,0.266542765347274,-0.0716333420061701,0.367901094241389,0.204279827438322,0.1697630275723,-0.0723654925664603,0.779649201577878,0.0780052251768285,-0.0557793530122858,0.014607868116337,0.0868279626442889,0.006738055565021,-0.0226879144575446
"tis_head",0.158266875868312,0.0483600794628649,0.708120647994291,0.653212853532495,0.647744625796352,0.567544769719135,-0.0522892003763086,0.0849216573844505,0.0849381153730659,0.126299350129056,-0.176763039391794,-0.253458332892718,0.27216602104081,0.0219427618005988,0.133585487461515,0.416609832310785,0.114244092515801,-0.114244092515801,0.219241365668793,0.160244676795611,0.270715121571681,0.141651128368678,0.158854136666829,0.158380713438048,0.229524759976141,0.137618207362494,0.105484419100518,1,0.514236003111567,0.578263682280356,0.506402064359848,0.621043889967217,-0.00508757607209196,0.0759897332157139,-0.0419356073557187,0.603973330935336,-0.028522547121667,0.640205253357757,-0.124452937568962,-0.039673129627032,-0.0546685811740471,0.128250884733453,0.00536364041688791
"sROI_headthickness01",-0.0145362710532955,0.0724803745209341,0.435939411458015,0.428914112301899,0.392847000111834,0.461970926522249,0.0506827872458576,0.195063030385737,0.195090424454721,0.192299164887741,-0.0675806619307031,0.051953760575687,0.0193924966783905,0.0987519155979849,-0.0793989344366223,0.1072769431303,-0.0924599084107763,0.0924599084107763,0.162591752997841,0.0519715090904124,0.154988592030535,0.00522088601125544,0.285755353318955,0.0638866434792067,0.0954738299745269,0.0163016626840094,0.348437382099494,0.514236003111567,1,0.655058311497042,0.839260334179325,0.649287841397541,0.469339967473146,0.532289002580567,0.446260740014768,0.660920242163913,0.473029347586324,0.430560503285973,-0.163266692191174,-0.113031622182676,0.0110671209510053,0.0504834778731738,-0.0448011693795568
"sROI_headthickness02",-0.0962182338609262,0.198237442566535,0.489045452764004,0.499091644061378,0.426188718465375,0.468071560293943,0.139633846749939,0.222464548606287,0.222517572814938,0.197798283411887,0.04340056813704,0.0187595204438689,-0.0325707294671023,0.0832885171411639,-0.157873401967987,0.108736066260255,-0.106967437722404,0.106967437722404,0.0598567707217705,0.0568767055377227,0.137881958402007,0.0286236521121561,-0.0496310187735311,0.0186749387673287,0.0631092172146721,0.0184721863120623,-0.0313542182093941,0.578263682280356,0.655058311497042,1,0.466040849568154,0.77025425182245,0.00560954418835467,0.219032667212083,0.322542303061405,0.758263428226877,0.00969632957786151,0.482749125911947,-0.162505065776744,-0.0608917254227841,-0.0901410141088261,0.0905970192651187,-0.0330167344490391
"sROI_headthickness03",0.00317259920309615,0.0667856239391279,0.445173071428901,0.463451557420417,0.418214637853028,0.484215767450147,0.0793312670369194,0.195394501025344,0.195407687010317,0.173164540970062,-0.167012365078951,0.00559133376635068,0.119641887750892,0.11140965366011,-0.0406157891176904,0.178561015100454,-0.0434836890685843,0.0434836890685843,0.201482918287576,0.0829124375184325,0.27679086959329,0.0494491317304228,0.23163447501172,0.131841771844911,0.148507181670452,0.0707682840575251,0.266542765347274,0.506402064359848,0.839260334179325,0.466040849568154,1,0.52208576699336,0.273462496102384,0.278527374163468,0.184686848044845,0.531586327651815,0.294593423584421,0.460203265904955,-0.14912434016648,-0.118596279123048,0.0159644433736504,0.065111809586002,-0.033771386611764
"sROI_headthickness04",-0.0921740039100237,0.180886464795341,0.475113829468978,0.499465301784211,0.413609237915398,0.472736765912799,0.210687934977782,0.284374658448585,0.284390694038907,0.253152262836015,-0.060627328391546,-0.0756781775387745,0.0965108172598482,0.0941206095180167,-0.249580273374747,0.0886935632888353,-0.229407178284594,0.229407178284594,0.0687462531340239,0.0720931445958763,0.160814029711024,0.043039906357372,-0.0582796377069527,0.0387920604783366,0.125962209102861,0.0338834404789904,-0.0716333420061701,0.621043889967217,0.649287841397541,0.77025425182245,0.52208576699336,1,-0.065632686406668,0.0914615426264787,0.0518967085689184,0.960869395964509,-0.0668544818359577,0.502048404029004,-0.171768612045893,-0.120588135942212,-0.0574608129907567,0.0846658036544238,-0.0850678993071048
"sROI_headthickness05",0.0126139564460823,-0.0946476228488263,0.00593282430084834,-0.0309583995486061,0.00334668999763812,0.0272228036641086,-0.182179845836332,-0.0512884033082216,-0.0512655515229526,0.00211608856592652,0.0362368927887144,0.0729204052037274,-0.0741412914305604,0.0249763257035983,0.0935248148468595,-0.0488797510383462,0.0736637806213318,-0.0736637806213318,0.0871249294097016,-0.0377208186521709,-0.079328928354657,-0.0385796789482773,0.624822987257965,-0.0515464573198644,-0.0876740517379803,-0.0405616599814387,0.367901094241389,-0.00508757607209196,0.469339967473146,0.00560954418835467,0.273462496102384,-0.065632686406668,1,0.337538094455121,0.268653061955268,-0.0365330962699453,0.516098821554402,-0.0353972348696768,-0.0442432944700311,-0.0422489454787481,0.0645954737739379,-0.0138935036921109,0.00401740005150463
"sROI_headthickness06",0.0448646619147196,-0.030136705895385,0.0976327335604911,0.0660300304590048,0.0943576662673621,0.152240609623097,0.00285749956715825,0.00555328674626252,0.00553154225892605,0.0134636221776156,-0.0127497046360004,0.0657049022424321,-0.0397843076258482,0.0287576364109122,0.0690883889008795,0.0339354173705695,0.0121453038683996,-0.0121453038683996,0.0644966719179697,0.0245057850808071,0.0273548353279861,-0.0208882935584504,0.140192120320759,-0.0504513314919821,-0.0302672476067163,-0.00516827778945923,0.204279827438322,0.0759897332157139,0.532289002580567,0.219032667212083,0.278527374163468,0.0914615426264787,0.337538094455121,1,0.730479772982121,0.105020067203159,0.353775112081654,0.0869160086186442,0.0182448538512415,0.0274584705309766,0.0597237242196824,-0.0157434054362875,-0.030099201797601
"sROI_headthickness07",-0.0394040838786821,-0.00592244483606935,0.000494546013791368,0.000161712662375065,0.0105732946276557,0.025175596380535,-0.00186403954563208,0.0388758392354376,0.0389119325816167,0.0410727572767753,0.110023196881729,0.23324702930909,-0.221114851884611,0.0212517500270841,-0.0339208745808685,-0.0821882846981765,-0.0366123124166427,0.0366123124166427,0.0094981360441417,-0.0176842358300037,-0.0320136869697047,-0.0638401174891213,0.068738782503246,-0.0173149925844491,-0.130141076674781,-0.0590217208355759,0.1697630275723,-0.0419356073557187,0.446260740014768,0.322542303061405,0.184686848044845,0.0518967085689184,0.268653061955268,0.730479772982121,1,0.0484312886992606,0.321694230218244,0.00277943602621049,-0.0160671793105042,0.070661588625074,0.0310761383464179,-0.0168476475308013,-0.0584610753950117
"sROI_headthickness08",-0.080790488964954,0.179087200303112,0.474262568726388,0.492529872685227,0.403372068795526,0.471031606976008,0.212960322507577,0.287960215129222,0.28797848247135,0.251037722275418,-0.074021441703413,-0.071558973264395,0.102539232235965,0.105948223049437,-0.243729792473131,0.0857101151827177,-0.235355497229439,0.235355497229439,0.0701883506521682,0.0669930056973377,0.161782969608165,0.0428442116029351,-0.042732758212481,0.0367596376253262,0.124401512419322,0.0393552977000438,-0.0723654925664603,0.603973330935336,0.660920242163913,0.758263428226877,0.531586327651815,0.960869395964509,-0.0365330962699453,0.105020067203159,0.0484312886992606,1,-0.0658469608698062,0.505809980416157,-0.180343675549286,-0.141934456874776,-0.0950873124635783,0.0796685672660084,-0.0783560186188395
"sROI_headthickness09",0.0713844043608585,-0.0992609748091571,-0.000480097954958873,-0.0541195496736755,0.0107706768744842,-0.0289716676894537,-0.175333621750501,-0.0775572296744128,-0.0775228079517792,-0.0509209569059306,0.0315116430690755,0.142577351604148,-0.112437274965907,0.0479463380867766,0.0769791578867917,-0.029592455790261,0.0657033022352003,-0.0657033022352003,0.101346475276741,-0.0513659802573248,-0.04832554774051,-0.0594031233151932,0.300596044884317,-0.0410824122174724,-0.09283637539816,-0.0333963567990407,0.779649201577878,-0.028522547121667,0.473029347586324,0.00969632957786151,0.294593423584421,-0.0668544818359577,0.516098821554402,0.353775112081654,0.321694230218244,-0.0658469608698062,1,-0.0427117402999348,-0.0209038051495825,-0.0290475719372105,0.0759046146049491,-0.0460095432994779,0.00181364455954971
"waist",0.0783649571801878,0.142775217333221,0.791542765116904,0.839484257871218,0.77230364066129,0.746951055036499,0.0138247580880538,0.201984631378879,0.201982383662903,0.200616882403513,-0.139254209842576,-0.0983229534592622,0.16268030756622,0.145372963814625,0.0343489415115554,0.259028050359942,0.0280433145085825,-0.0280433145085825,0.207481335923455,0.13201237722039,0.309912583832395,0.138063650886477,0.110667234312085,0.155706142200349,0.191568990562589,0.142798115234931,0.0780052251768285,0.640205253357757,0.430560503285973,0.482749125911947,0.460203265904955,0.502048404029004,-0.0353972348696768,0.0869160086186442,0.00277943602621049,0.505809980416157,-0.0427117402999348,1,-0.164173157154603,-0.0052716631575228,-0.103906902336926,0.192472662111434,-0.0306815227423152
"walk",0.0017981153428477,-0.143503408668831,-0.155708989321198,-0.129071646935969,-0.111329223516681,-0.118976183140621,-0.037030716980297,-0.0581240290555247,-0.0581107357391664,-0.044558200369767,0.00962889474343383,0.0645623799326441,-0.0606344017523728,-0.138435168095874,-0.0034099728493804,-0.0876850812409904,-0.0135185802415865,0.0135185802415865,-0.105847176300104,-0.050984167268146,-0.119375560117547,-0.0815019738387816,-0.0485731141881217,-0.0726049342547057,-0.029781429421682,-0.103695270567292,-0.0557793530122858,-0.124452937568962,-0.163266692191174,-0.162505065776744,-0.14912434016648,-0.171768612045893,-0.0442432944700311,0.0182448538512415,-0.0160671793105042,-0.180343675549286,-0.0209038051495825,-0.164173157154603,1,0.340274413731117,0.153031929950363,-0.0522308907024443,-0.00051044492550848
"moderate_PA",0.15864892634558,-0.019429552270208,-0.0352494348182723,0.015644031852484,0.0085138347343168,-0.052921892980843,0.0146960538985248,0.0166207937699898,0.0166614999762864,-0.000591446000092259,0.00161544049169112,0.032226698887944,-0.0152611388285488,-0.0453383830481168,0.0167593458822498,-0.0369414909335247,-0.0247799750329672,0.0247799750329672,0.00850197533370847,-0.0102719559433027,0.0412222559889734,0.0245222785828332,0.0239057245177685,-0.00694198068592909,-0.0355944428180426,0.0167055263710948,0.014607868116337,-0.039673129627032,-0.113031622182676,-0.0608917254227841,-0.118596279123048,-0.120588135942212,-0.0422489454787481,0.0274584705309766,0.070661588625074,-0.141934456874776,-0.0290475719372105,-0.0052716631575228,0.340274413731117,1,0.282046808321721,-0.0013012423518652,-0.0394359649377864
"vigorous_PA",-0.106770654376291,-0.0106236491742566,-0.115422081148079,-0.0705159643310865,-0.0680407291623641,-0.0222622339138126,0.0737747000221151,0.0736128436727386,0.0736260766680856,0.0135754805566187,0.0148672746686282,0.0513062547402289,-0.0317608512171404,0.0596412519538668,-0.0253911544644042,-0.0457130354352366,-0.0404456296114141,0.0404456296114141,0.0393197376603236,-0.0192000686591149,0.0351678747147513,0.0472136587424463,0.100738863669007,-0.0148389849242427,-0.0782500804690548,0.0502063580760463,0.0868279626442889,-0.0546685811740471,0.0110671209510053,-0.0901410141088261,0.0159644433736504,-0.0574608129907567,0.0645954737739379,0.0597237242196824,0.0310761383464179,-0.0950873124635783,0.0759046146049491,-0.103906902336926,0.153031929950363,0.282046808321721,1,0.0423573625210696,-0.0527114588555973
"smoking",-0.00664912013339548,-0.0057333834444039,0.146924834044664,0.114627967257303,0.16119460866341,0.164308124071807,-0.0836407681776422,0.00376828203322429,0.00375955728924994,0.0765429996848931,-0.0585489776452807,-0.0572050538157456,0.0848690292322182,-0.00884605059253611,0.0716744611182051,0.13731648695497,0.11758920062788,-0.11758920062788,0.070014157578725,0.0542100586763655,0.0864883502257296,0.0583477709469422,0.0439965804546562,0.0752537988860458,0.0640193766905649,0.0558382676411935,0.006738055565021,0.128250884733453,0.0504834778731738,0.0905970192651187,0.065111809586002,0.0846658036544238,-0.0138935036921109,-0.0157434054362875,-0.0168476475308013,0.0796685672660084,-0.0460095432994779,0.192472662111434,-0.0522308907024443,-0.0013012423518652,0.0423573625210696,1,0.0551048069934702
"r_alcohol",0.0341729427378205,0.0514595597027525,-0.0661968166415109,-0.0798383372182273,-0.0720627285983491,-0.080779449666483,-0.0453852177740026,-0.0353273809074272,-0.0353006293198399,0.014282110638207,-0.0799315938403976,-0.0224070473824388,0.0706620571029851,0.115455156049372,0.0679210390501076,0.027479328177011,0.0246492582491569,-0.0246492582491569,-0.040574698156397,-0.00618701595690152,-0.0199949883987658,-0.0347800885055496,-0.0165313318474436,-0.0131666381602159,0.0457306391830437,-0.0411227570015131,-0.0226879144575446,0.00536364041688791,-0.0448011693795568,-0.0330167344490391,-0.033771386611764,-0.0850678993071048,0.00401740005150463,-0.030099201797601,-0.0584610753950117,-0.0783560186188395,0.00181364455954971,-0.0306815227423152,-0.00051044492550848,-0.0394359649377864,-0.0527114588555973,0.0551048069934702,1
