"","age","sit_height","VAT","ASAT","fat_percent","BMI","BMD_head","BMD_total","T_BMD_total","femur_BMD","tismri_volr01","tismri_volr02","tismri_volr03","tismri_TIV","tis_bone","vROI_bonecortex03","sROI_bonecortex03","main_sBMDH","sROI_bonethickness01","sROI_bonethickness02","sROI_bonethickness03","sROI_bonethickness04","sROI_bonethickness05","sROI_bonethickness06","sROI_bonethickness07","sROI_bonethickness08","sROI_bonethickness09","tis_head","sROI_headthickness01","sROI_headthickness02","sROI_headthickness03","sROI_headthickness04","sROI_headthickness05","sROI_headthickness06","sROI_headthickness07","sROI_headthickness08","sROI_headthickness09","waist","walk","moderate_PA","vigorous_PA","smoking","r_alcohol"
"age",1,-0.263765796866449,0.0561694649430728,-0.0360768150266036,0.000767663558316207,0.0175689742273784,-0.203478949818721,-0.257862819225445,-0.257117837375449,-0.245581370522702,-0.545677251919563,-0.270778078293472,0.517683418511878,-0.0244730038770031,0.349533012010248,0.32223125773089,0.351038697327581,-0.351038697327581,0.125913507202136,-0.0146282822368626,0.174493806483663,0.116138623939064,0.145867195993978,0.159169948541611,0.257754760602471,0.0960462005920922,0.139104859220872,0.116131230517099,-0.0390727030457119,-0.131883952161826,-0.0311143146453881,-0.0713133211952021,0.0205814136865958,0.0465208930641005,0.0180835521463044,-0.0774039449119836,0.0483464394317372,0.0279702948506889,-0.00657963779609381,0.177930101302883,0.032872957199341,0.104639942588103,0.135972885306254
"sit_height",-0.263765796866449,1,0.0455591388063883,0.080090704084138,0.0389867207966213,-0.0400428597218801,0.0945900328064852,0.147836098722394,0.14513935757441,0.187726637303905,0.158964672423325,0.102537740798666,-0.161221620683386,0.161997466075563,-0.04980959906695,-0.076020664198377,-0.105378383445565,0.105378383445565,0.0349638612721296,0.0689538599488138,0.0522637878361938,0.0378002781233244,0.0418527383083769,0.0214591284647624,-0.00653696840155209,0.0423266164456552,-0.0346162654730347,0.0134920503741297,-0.00875439583243671,0.086296746268928,0.0185744621600095,0.0874139635810345,-0.0794113298923883,-0.0467994850531401,-0.0566821809739055,0.0984309929229094,-0.0772705969906642,0.0284715436587214,0.0371715994187423,-0.0500666329620826,0.0506379978133425,-0.0204668404382253,0.0307550936262935
"VAT",0.0561694649430728,0.0455591388063883,1,0.808826582718169,0.806081899783747,0.669219895993538,0.0846859268086317,0.232282167427758,0.228452935294612,0.21339685870896,-0.105076954410671,-0.0954730940311844,0.135991177926692,-0.0128063555327747,-0.0434286640281507,0.0657125681983923,-0.0713818792249969,0.0713818792249969,0.0664452401331333,0.0706376207223006,0.0885586912380346,0.0470121091767273,0.0194431567721645,0.0190745595027641,0.139009178743805,0.0141091301296162,0.0227491684564747,0.685447816950721,0.452597261838385,0.445686807105042,0.563331349885257,0.414009985721142,0.0214656414687938,0.0796838246477104,-0.10684358450283,0.421425540044799,-0.0278544654233832,0.82780384869768,-0.0948892407897683,-0.0980944120067468,-0.0483108930875335,0.253746016271117,0.00310817627292659
"ASAT",-0.0360768150266036,0.080090704084138,0.808826582718169,1,0.892806202480124,0.798188436417609,0.131174399845785,0.295888036856087,0.287830271321085,0.292334993339973,-0.0220802110404048,-0.0575816306501343,0.0576615279533454,0.0570734762939052,-0.110262756328271,-0.0124124686288673,-0.134211461940907,0.134211461940907,0.0489736932977232,0.0763098983967819,0.0515209667393901,0.0412274609098436,0.00182242390203014,-0.0319263723028872,0.0525902747692674,0.0190825741622239,0.0213354659503249,0.643298418010247,0.449750839385419,0.448771721562636,0.549674657083012,0.44142843209086,-0.00998000935715888,0.0453367573470294,-0.0877369610535313,0.438707807889207,-0.0240612493999376,0.836650930811884,-0.126002619146019,-0.123562317467645,-0.0678916277888454,0.201680686972641,-0.0819271555740008
"fat_percent",0.000767663558316207,0.0389867207966213,0.806081899783747,0.892806202480124,1,0.745019762281624,0.119205420442151,0.263327112594959,0.257742844542339,0.250569603334118,-0.0210858138383641,-0.0596664183427776,0.0508421396365317,0.0764928122287695,-0.098341200178595,0.0093672698922531,-0.0967868272580775,0.0967868272580775,0.0776769749992158,0.109419614393719,0.0834144198306934,0.0588269813013085,0.0270045467802928,0.0138722300534653,0.0675442823374598,0.0371381041197821,0.0249802978076472,0.634746689331088,0.414243573263204,0.41687480516513,0.521709630589181,0.392954120509074,-0.000534448260236413,0.0424435572055692,-0.0748057309386558,0.392040801948331,-0.0388730909564776,0.822699788402005,-0.135208857409756,-0.117818855855896,-0.0878248907061826,0.217060604957498,-0.0348101482300795
"BMI",0.0175689742273784,-0.0400428597218801,0.669219895993538,0.798188436417609,0.745019762281624,1,0.157458670731661,0.323626391655483,0.316533890760991,0.29766732432403,-0.0899081504659882,-0.0527909771600298,0.095599974408617,0.0728762033382074,-0.124267517132544,-0.0246415052234105,-0.126505481129986,0.126505481129986,0.0954936886881971,0.112274629821784,0.108350034276897,0.0855171345533076,0.0471427903404691,-0.0247109155419223,0.0478365321407366,0.0615681117840367,0.035896152928435,0.52255157719621,0.438416505657217,0.4113624649209,0.542513405809894,0.379995880642133,0.0123457611166115,0.070637332577115,-0.0830508984749835,0.38223514129831,-0.00423167715580876,0.765757291368833,-0.0449439240295145,-0.0596041213996132,-0.0144381372543261,0.174073088145085,-0.177972701011095
"BMD_head",-0.203478949818721,0.0945900328064852,0.0846859268086317,0.131174399845785,0.119205420442151,0.157458670731661,1,0.792691662865052,0.793792442220788,0.468467437112967,0.00970490389398283,-0.0545733956102374,0.0333617063191101,0.167674514722247,-0.621011804285903,-0.61464910086378,-0.726235726387802,0.726235726387802,0.246486703187944,0.32326516361084,0.313979540202236,0.183920900097702,0.0770393758916826,0.0633350639805471,0.120435690209158,0.228027147471848,-0.0226850881847743,0.0484255163547126,0.149547780547709,0.157853716876743,0.244345714975751,0.220170763103545,-0.0595908563746898,0.0275676629322756,-0.0580305309075891,0.216695058382278,-0.171615770819419,0.142868889935937,-0.0204533247420368,-0.103936029257708,-0.0386491754298387,0.0316494779863504,-0.069557735944724
"BMD_total",-0.257862819225445,0.147836098722394,0.232282167427758,0.295888036856087,0.263327112594959,0.323626391655483,0.792691662865052,1,0.995208932490776,0.738126365650563,0.0798361632588711,-0.0218023350352857,-0.0324973662227355,0.187217754350696,-0.687123719557583,-0.616696435195037,-0.723843334701445,0.723843334701445,0.097223526561118,0.202169743495565,0.142586620567272,0.0280757943246346,0.0135295316381759,-0.0157289223131365,0.0453307507300125,0.0616059047734111,-0.0328639169204761,0.153217939050441,0.280687883170588,0.230665528165734,0.367922331840007,0.283254940606593,0.0517262660779379,0.0728745687452441,-0.0344034209164121,0.272914244406687,-0.0634775255274052,0.291230796916841,0.00591841369432572,-0.0671045567135501,0.0413542847561486,0.0793890945870818,-0.0276543740554004
"T_BMD_total",-0.257117837375449,0.14513935757441,0.228452935294612,0.287830271321085,0.257742844542339,0.316533890760991,0.793792442220788,0.995208932490776,1,0.73635337741351,0.083248646708484,-0.0169375836200372,-0.0383406339810553,0.186984075936304,-0.693645303979471,-0.622622495919401,-0.724553349663365,0.724553349663365,0.0953179835729889,0.199062580137832,0.136515304995793,0.0241809607238429,0.0192585475050631,-0.0128562772764132,0.0465237686104925,0.0574554673375945,-0.0369584758169349,0.146484280640323,0.27821546889339,0.227388345583913,0.365436855288391,0.276382252061706,0.0565870504967378,0.076314641258565,-0.0259326803531057,0.263901900274893,-0.0637020178657684,0.286809830301967,0.0112663429737853,-0.0620346167610634,0.0385768885502433,0.0713836781286179,-0.0293644736005462
"femur_BMD",-0.245581370522702,0.187726637303905,0.21339685870896,0.292334993339973,0.250569603334118,0.29766732432403,0.468467437112967,0.738126365650563,0.73635337741351,1,0.130285922031994,0.0258729158267393,-0.0915615089813293,0.169162852651411,-0.486299235987721,-0.415073071909837,-0.478061048872735,0.478061048872735,0.0349261464104064,0.129688950318476,0.0465149778744284,-0.00349450997803991,-0.0153516665648271,-0.0609042363871562,-0.00578541694671816,0.00856073906478725,-0.0139742989156446,0.131780738653985,0.229739735500204,0.197546906340016,0.305560644909491,0.215154689273608,0.0614136144980191,0.0168326113304453,-0.0294474464965247,0.195816360664628,-0.0158658402249212,0.266359291796974,-0.0255759649865469,-0.0404316461850838,0.0962974380892301,0.090877429061488,-0.0441255204272975
"tismri_volr01",-0.545677251919563,0.158964672423325,-0.105076954410671,-0.0220802110404048,-0.0210858138383641,-0.0899081504659882,0.00970490389398283,0.0798361632588711,0.083248646708484,0.130285922031994,1,0.288567407971962,-0.856252904329084,-0.156910182625687,-0.136135671218726,-0.0931640542832103,-0.0690680932060004,0.0690680932060004,0.0828800438996348,0.240910111790762,-0.079818122786876,0.0907250379141994,-0.0519050327070936,-0.0264382150270215,-0.231030410011126,0.106413219971461,0.0583338833378061,-0.195317211168724,-0.0787651792736087,0.0261707121537339,-0.101046198975913,-0.129464336393936,-0.00049905975692447,-0.0388678070001094,0.101390983104975,-0.152689974792742,0.044060487457788,-0.126347179008939,-0.00104192626513759,-0.133765827728871,0.042572268896028,-0.151736906306127,-0.216363836216447
"tismri_volr02",-0.270778078293472,0.102537740798666,-0.0954730940311844,-0.0575816306501343,-0.0596664183427776,-0.0527909771600298,-0.0545733956102374,-0.0218023350352857,-0.0169375836200372,0.0258729158267393,0.288567407971962,1,-0.719278559066142,0.0652266626970287,-0.109834973325258,-0.0915437726802493,0.00598433840722032,-0.00598433840722032,-0.00956473997467051,0.0801011244862588,-0.0848388457753805,-0.0260814777922304,0.0204816559012267,-0.0058499839727282,-0.211821358295512,-0.00446502650711572,0.0141876407690494,-0.235695904765746,-0.0449248266067969,-0.000137113328355751,-0.0844236796623137,-0.107223684771001,0.0681463960256671,-0.075411062674964,0.139174722924811,-0.121101907079014,0.0386083256986189,-0.0916189891682456,0.0120308635606116,-0.0312671459537957,0.105293121513931,-0.127443453887669,-0.122119557863563
"tismri_volr03",0.517683418511878,-0.161221620683386,0.135991177926692,0.0576615279533454,0.0508421396365317,0.095599974408617,0.0333617063191101,-0.0324973662227355,-0.0383406339810553,-0.0915615089813293,-0.856252904329084,-0.719278559066142,1,0.0707547653212946,0.140622801730339,0.100103476699763,0.02691224851044,-0.02691224851044,-0.0630551912266144,-0.214605080978356,0.0883098146162844,-0.0596813331224815,0.0209467196107596,0.021079484473744,0.277072244958253,-0.0814750190389653,-0.0617364558569305,0.269442478694723,0.0909252713796614,-0.00807456677788157,0.126938945735383,0.165041675916213,-0.0356172453534236,0.0655914676565774,-0.143800469030717,0.190103616601135,-0.0571755755293548,0.14577921970345,-0.0124379183740804,0.11788666385604,-0.079477054603169,0.185641593877898,0.212572811222847
"tismri_TIV",-0.0244730038770031,0.161997466075563,-0.0128063555327747,0.0570734762939052,0.0764928122287695,0.0728762033382074,0.167674514722247,0.187217754350696,0.186984075936304,0.169162852651411,-0.156910182625687,0.0652266626970287,0.0707547653212946,1,-0.0501638742528756,-0.0302880804214619,-0.108727047440484,0.108727047440484,0.195813604850635,0.154765693634659,0.215990724249342,0.172881043524174,0.135726348509455,0.0716076087419314,-0.00720780708006448,0.189851529631866,0.110471169746454,-0.0168800187143783,0.0680366770453491,0.0103766362459773,0.0647049339255726,0.0820474080661838,0.00462625917121805,0.0409271717086868,0.0368829164168557,0.0770046957150083,0.0566013491222613,0.07657287919582,-0.0352843556716853,-0.102332158989165,0.00675683273389447,0.0615111252041926,0.0396650151938536
"tis_bone",0.349533012010248,-0.04980959906695,-0.0434286640281507,-0.110262756328271,-0.098341200178595,-0.124267517132544,-0.621011804285903,-0.687123719557583,-0.693645303979471,-0.486299235987721,-0.136135671218726,-0.109834973325258,0.140622801730339,-0.0501638742528756,1,0.895952370628735,0.867769114121103,-0.867769114121103,0.334883863592476,0.157491142622455,0.268747387583463,0.403496112060209,0.225047985324871,0.26357661917192,0.192957267760586,0.35934404692416,0.186584438921129,0.0169636523233348,-0.221688096086485,-0.206561341482734,-0.240842926736102,-0.217647435061866,-0.105361484014501,-0.0223775997537666,-0.0373408807741068,-0.224164066790473,0.0032172688221729,-0.0900723124652353,-0.00430057815847794,0.0137604030944306,0.00317770118273621,0.0300456005428015,0.113807939057019
"vROI_bonecortex03",0.32223125773089,-0.076020664198377,0.0657125681983923,-0.0124124686288673,0.0093672698922531,-0.0246415052234105,-0.61464910086378,-0.616696435195037,-0.622622495919401,-0.415073071909837,-0.0931640542832103,-0.0915437726802493,0.100103476699763,-0.0302880804214619,0.895952370628735,1,0.858244143325204,-0.858244143325204,0.353845736244303,0.207312183881123,0.296267385946638,0.399557198122532,0.245849565007611,0.31403388872457,0.228500168132766,0.339584648439039,0.202927000242713,0.125665965054558,-0.156054912908787,-0.089529091239027,-0.16104510656142,-0.111432987173434,-0.140930561839584,-0.106722932505237,-0.0941821135925346,-0.123374689030669,-0.0239810948309351,0.015259254948447,-0.0199308738834144,-0.00227717406653534,-0.0361762383042971,0.0531395461132224,0.108405903307499
"sROI_bonecortex03",0.351038697327581,-0.105378383445565,-0.0713818792249969,-0.134211461940907,-0.0967868272580775,-0.126505481129986,-0.726235726387802,-0.723843334701445,-0.724553349663365,-0.478061048872735,-0.0690680932060004,0.00598433840722032,0.02691224851044,-0.108727047440484,0.867769114121103,0.858244143325204,1,-1,0.244648947770438,0.0870869560594782,0.181547497689932,0.290188378256825,0.208647950803226,0.248026999160961,0.107803989072941,0.24420381831133,0.190902076986256,-0.0158505620198937,-0.209652084146394,-0.148729308154818,-0.244573528210358,-0.217857557544701,-0.0691273176903845,-0.0714824859480631,-0.0100959320182641,-0.23084035600413,0.0328972082213622,-0.0918946656171601,0.0100549944136043,0.0203263597921926,0.0293528884037716,-0.018996670415611,0.0954193513370626
"main_sBMDH",-0.351038697327581,0.105378383445565,0.0713818792249969,0.134211461940907,0.0967868272580775,0.126505481129986,0.726235726387802,0.723843334701445,0.724553349663365,0.478061048872735,0.0690680932060004,-0.00598433840722032,-0.02691224851044,0.108727047440484,-0.867769114121103,-0.858244143325204,-1,1,-0.244648947770438,-0.0870869560594782,-0.181547497689932,-0.290188378256825,-0.208647950803226,-0.248026999160961,-0.107803989072941,-0.24420381831133,-0.190902076986256,0.0158505620198937,0.209652084146394,0.148729308154818,0.244573528210358,0.217857557544701,0.0691273176903845,0.0714824859480631,0.0100959320182641,0.23084035600413,-0.0328972082213622,0.0918946656171601,-0.0100549944136043,-0.0203263597921926,-0.0293528884037716,0.018996670415611,-0.0954193513370626
"sROI_bonethickness01",0.125913507202136,0.0349638612721296,0.0664452401331333,0.0489736932977232,0.0776769749992158,0.0954936886881971,0.246486703187944,0.097223526561118,0.0953179835729889,0.0349261464104064,0.0828800438996348,-0.00956473997467051,-0.0630551912266144,0.195813604850635,0.334883863592476,0.353845736244303,0.244648947770438,-0.244648947770438,1,0.850157969881168,0.877625122445534,0.929836569874918,0.63776842381543,0.609653835459031,0.425094498625625,0.930514686046978,0.475112886297603,0.0594015827856415,0.0338468403229274,0.0288581605919637,0.084899879975492,0.0426283587904027,-0.0646408242826142,-0.019404225342513,-0.0374824940261953,0.0121024833145294,-0.073764600761908,0.0879987849828954,-0.0116140517006028,-0.109104558355975,0.00939164198215627,0.0284765050304019,-0.0532613370749231
"sROI_bonethickness02",-0.0146282822368626,0.0689538599488138,0.0706376207223006,0.0763098983967819,0.109419614393719,0.112274629821784,0.32326516361084,0.202169743495565,0.199062580137832,0.129688950318476,0.240910111790762,0.0801011244862588,-0.214605080978356,0.154765693634659,0.157491142622455,0.207312183881123,0.0870869560594782,-0.0870869560594782,0.850157969881168,1,0.653761627329859,0.76252211759113,0.460322363196461,0.44538129910586,0.303667873856023,0.771770101782749,0.316657181025538,0.0680807983063059,0.0390469156846706,0.0781254305018881,0.127100449754675,0.0822726348614286,-0.0811892261908605,-0.0575307330266205,-0.0930830897363243,0.0434008688948217,-0.115644050004401,0.0870435655477459,-0.0348787935351911,-0.0980118121570143,0.0222864686551373,-0.0101432769337829,-0.0972084877887027
"sROI_bonethickness03",0.174493806483663,0.0522637878361938,0.0885586912380346,0.0515209667393901,0.0834144198306934,0.108350034276897,0.313979540202236,0.142586620567272,0.136515304995793,0.0465149778744284,-0.079818122786876,-0.0848388457753805,0.0883098146162844,0.215990724249342,0.268747387583463,0.296267385946638,0.181547497689932,-0.181547497689932,0.877625122445534,0.653761627329859,1,0.810154864725488,0.547568178247083,0.552776119570628,0.416929435843877,0.810175150586844,0.311236340460117,0.0942534630289666,-0.0186677591512989,0.0312491944964301,0.0923089971747327,0.0797113478891876,-0.175953926713332,-0.0658077942868875,-0.0814228373245349,0.0518987308050494,-0.226425450609701,0.134785113111013,0.0171430078374314,-0.0845646074616095,0.0592639329448539,0.0649463199669517,0.00876895985351274
"sROI_bonethickness04",0.116138623939064,0.0378002781233244,0.0470121091767273,0.0412274609098436,0.0588269813013085,0.0855171345533076,0.183920900097702,0.0280757943246346,0.0241809607238429,-0.00349450997803991,0.0907250379141994,-0.0260814777922304,-0.0596813331224815,0.172881043524174,0.403496112060209,0.399557198122532,0.290188378256825,-0.290188378256825,0.929836569874918,0.76252211759113,0.810154864725488,1,0.495110098797416,0.492221399765486,0.311807856515492,0.949404000758792,0.337129469337851,0.0698343603914588,-0.0332299593123944,0.0331684774303889,0.036839093124649,0.0575768118346215,-0.130459260623177,-0.0538302953211813,-0.0674313433437256,0.0182357058181372,-0.158298400791927,0.0656980507063708,-0.0186843692542244,-0.124359353341303,-0.0165210091861463,0.0108508772912817,-0.0548844503725576
"sROI_bonethickness05",0.145867195993978,0.0418527383083769,0.0194431567721645,0.00182242390203014,0.0270045467802928,0.0471427903404691,0.0770393758916826,0.0135295316381759,0.0192585475050631,-0.0153516665648271,-0.0519050327070936,0.0204816559012267,0.0209467196107596,0.135726348509455,0.225047985324871,0.245849565007611,0.208647950803226,-0.208647950803226,0.63776842381543,0.460322363196461,0.547568178247083,0.495110098797416,1,0.459790027859333,0.297371918184676,0.499562070059109,0.447231475797681,-0.0142265679771126,0.0577511185669327,-0.0493676510911952,0.0115028424284617,-0.0158381501946821,0.191077696028082,0.00900387904082003,-0.000133344581382381,-0.0290815034933125,-0.00753128101713629,0.037597728781231,0.0334310704292736,-0.0404821070625668,-0.0478124526959865,0.00244137258076623,0.0500745291484122
"sROI_bonethickness06",0.159169948541611,0.0214591284647624,0.0190745595027641,-0.0319263723028872,0.0138722300534653,-0.0247109155419223,0.0633350639805471,-0.0157289223131365,-0.0128562772764132,-0.0609042363871562,-0.0264382150270215,-0.0058499839727282,0.021079484473744,0.0716076087419314,0.26357661917192,0.31403388872457,0.248026999160961,-0.248026999160961,0.609653835459031,0.44538129910586,0.552776119570628,0.492221399765486,0.459790027859333,1,0.659236017555704,0.47522404694996,0.234524654527494,-0.0262307171744954,-0.135627595805944,-0.0779843117548468,-0.115346019530514,-0.0540500291721238,-0.134065774874043,-0.0939963415208402,-0.00143203796873426,-0.083138940518439,-0.205736638447989,-0.00625105106166295,-0.0201303975140395,-0.0225249404516218,0.00551989012870963,-0.0112986747380021,0.00695365516764736
"sROI_bonethickness07",0.257754760602471,-0.00653696840155209,0.139009178743805,0.0525902747692674,0.0675442823374598,0.0478365321407366,0.120435690209158,0.0453307507300125,0.0465237686104925,-0.00578541694671816,-0.231030410011126,-0.211821358295512,0.277072244958253,-0.00720780708006448,0.192957267760586,0.228500168132766,0.107803989072941,-0.107803989072941,0.425094498625625,0.303667873856023,0.416929435843877,0.311807856515492,0.297371918184676,0.659236017555704,1,0.284096116295687,0.12685180638498,0.138474109000675,0.0124159504315271,-0.0463046118899041,0.0651897082271301,0.0725661438715639,-0.0715123506590356,0.0149978086705517,-0.0944833216796867,0.0507908934482972,-0.148829928898495,0.0915976540327783,0.0300864989202812,0.0434029359465136,0.0708009568290476,0.0710480014027973,0.0513656097542629
"sROI_bonethickness08",0.0960462005920922,0.0423266164456552,0.0141091301296162,0.0190825741622239,0.0371381041197821,0.0615681117840367,0.228027147471848,0.0616059047734111,0.0574554673375945,0.00856073906478725,0.106413219971461,-0.00446502650711572,-0.0814750190389653,0.189851529631866,0.35934404692416,0.339584648439039,0.24420381831133,-0.24420381831133,0.930514686046978,0.771770101782749,0.810175150586844,0.949404000758792,0.499562070059109,0.47522404694996,0.284096116295687,1,0.333499342049165,0.0198259418454288,-0.0581150902236961,-0.00231001007164395,0.0175966809206458,0.0122445633292095,-0.147748466453498,-0.0449685041909934,-0.0698601598238587,-0.0189391024836407,-0.143443050428001,0.0427748881865781,-0.0204955258694589,-0.128357356738617,-0.00713167761129375,0.0217591039992153,-0.0569107295606706
"sROI_bonethickness09",0.139104859220872,-0.0346162654730347,0.0227491684564747,0.0213354659503249,0.0249802978076472,0.035896152928435,-0.0226850881847743,-0.0328639169204761,-0.0369584758169349,-0.0139742989156446,0.0583338833378061,0.0141876407690494,-0.0617364558569305,0.110471169746454,0.186584438921129,0.202927000242713,0.190902076986256,-0.190902076986256,0.475112886297603,0.316657181025538,0.311236340460117,0.337129469337851,0.447231475797681,0.234524654527494,0.12685180638498,0.333499342049165,1,-0.00941420108772793,0.236458517934127,0.0198148967707375,0.119586317916061,-0.0572287267702702,0.164335868504387,0.0890142152839337,0.100649754754962,-0.036290986744768,0.562839647948267,0.0146226859122623,-0.00707163659629581,-0.0435596353915097,-0.0160444445894303,0.0180994650533331,-0.0429476717919625
"tis_head",0.116131230517099,0.0134920503741297,0.685447816950721,0.643298418010247,0.634746689331088,0.52255157719621,0.0484255163547126,0.153217939050441,0.146484280640323,0.131780738653985,-0.195317211168724,-0.235695904765746,0.269442478694723,-0.0168800187143783,0.0169636523233348,0.125665965054558,-0.0158505620198937,0.0158505620198937,0.0594015827856415,0.0680807983063059,0.0942534630289666,0.0698343603914588,-0.0142265679771126,-0.0262307171744954,0.138474109000675,0.0198259418454288,-0.00941420108772793,1,0.566147679595156,0.603398463972169,0.638015057737814,0.700185465903484,-0.0328455888108158,0.0221064332784596,-0.158690251829423,0.700462537928258,-0.100703945750627,0.639610643888809,-0.0913756666811484,-0.109166305169766,-0.0333523029092056,0.207084279645876,0.00730403256252821
"sROI_headthickness01",-0.0390727030457119,-0.00875439583243671,0.452597261838385,0.449750839385419,0.414243573263204,0.438416505657217,0.149547780547709,0.280687883170588,0.27821546889339,0.229739735500204,-0.0787651792736087,-0.0449248266067969,0.0909252713796614,0.0680366770453491,-0.221688096086485,-0.156054912908787,-0.209652084146394,0.209652084146394,0.0338468403229274,0.0390469156846706,-0.0186677591512989,-0.0332299593123944,0.0577511185669327,-0.135627595805944,0.0124159504315271,-0.0581150902236961,0.236458517934127,0.566147679595156,1,0.689255004609713,0.828255988414673,0.691541474344865,0.476600105346045,0.466824172908033,0.301527155055227,0.713248522583913,0.416878885541009,0.444256432325319,-0.0729878356629397,-0.108963542485629,0.00402522679393595,0.112579421928297,-0.0817259052282078
"sROI_headthickness02",-0.131883952161826,0.086296746268928,0.445686807105042,0.448771721562636,0.41687480516513,0.4113624649209,0.157853716876743,0.230665528165734,0.227388345583913,0.197546906340016,0.0261707121537339,-0.000137113328355751,-0.00807456677788157,0.0103766362459773,-0.206561341482734,-0.089529091239027,-0.148729308154818,0.148729308154818,0.0288581605919637,0.0781254305018881,0.0312491944964301,0.0331684774303889,-0.0493676510911952,-0.0779843117548468,-0.0463046118899041,-0.00231001007164395,0.0198148967707375,0.603398463972169,0.689255004609713,1,0.566405082338728,0.728316967461988,0.0658926744549095,0.157557455824997,0.169801160107379,0.737727085079208,0.023461589166373,0.447956588202433,-0.0485086408664968,-0.109304785226018,-0.00524593327459254,0.0994125725300417,-0.135885470706313
"sROI_headthickness03",-0.0311143146453881,0.0185744621600095,0.563331349885257,0.549674657083012,0.521709630589181,0.542513405809894,0.244345714975751,0.367922331840007,0.365436855288391,0.305560644909491,-0.101046198975913,-0.0844236796623137,0.126938945735383,0.0647049339255726,-0.240842926736102,-0.16104510656142,-0.244573528210358,0.244573528210358,0.084899879975492,0.127100449754675,0.0923089971747327,0.036839093124649,0.0115028424284617,-0.115346019530514,0.0651897082271301,0.0175966809206458,0.119586317916061,0.638015057737814,0.828255988414673,0.566405082338728,1,0.600749657506581,0.242214199361925,0.182487282708521,0.0108655642445776,0.609695713313642,0.194423260357674,0.581212311048077,-0.0937964832587264,-0.138674956055432,-0.0186552531153031,0.137011650931233,-0.0887524319031636
"sROI_headthickness04",-0.0713133211952021,0.0874139635810345,0.414009985721142,0.44142843209086,0.392954120509074,0.379995880642133,0.220170763103545,0.283254940606593,0.276382252061706,0.215154689273608,-0.129464336393936,-0.107223684771001,0.165041675916213,0.0820474080661838,-0.217647435061866,-0.111432987173434,-0.217857557544701,0.217857557544701,0.0426283587904027,0.0822726348614286,0.0797113478891876,0.0575768118346215,-0.0158381501946821,-0.0540500291721238,0.0725661438715639,0.0122445633292095,-0.0572287267702702,0.700185465903484,0.691541474344865,0.728316967461988,0.600749657506581,1,0.0374339427199172,0.0789806275046506,-0.0438943568447503,0.954152562008218,-0.0816172342218187,0.432821188165307,-0.0941351091585035,-0.099556868896724,-0.0324466502339604,0.0980527598006107,-0.0219589332392119
"sROI_headthickness05",0.0205814136865958,-0.0794113298923883,0.0214656414687938,-0.00998000935715888,-0.000534448260236413,0.0123457611166115,-0.0595908563746898,0.0517262660779379,0.0565870504967378,0.0614136144980191,-0.00049905975692447,0.0681463960256671,-0.0356172453534236,0.00462625917121805,-0.105361484014501,-0.140930561839584,-0.0691273176903845,0.0691273176903845,-0.0646408242826142,-0.0811892261908605,-0.175953926713332,-0.130459260623177,0.191077696028082,-0.134065774874043,-0.0715123506590356,-0.147748466453498,0.164335868504387,-0.0328455888108158,0.476600105346045,0.0658926744549095,0.242214199361925,0.0374339427199172,1,0.356184804029832,0.247519079659526,0.047995161195716,0.437051864121416,-0.00153919459851338,0.0155531942373046,-0.00427224146589516,0.076059956191902,-0.0100062223053403,0.00903207675347347
"sROI_headthickness06",0.0465208930641005,-0.0467994850531401,0.0796838246477104,0.0453367573470294,0.0424435572055692,0.070637332577115,0.0275676629322756,0.0728745687452441,0.076314641258565,0.0168326113304453,-0.0388678070001094,-0.075411062674964,0.0655914676565774,0.0409271717086868,-0.0223775997537666,-0.106722932505237,-0.0714824859480631,0.0714824859480631,-0.019404225342513,-0.0575307330266205,-0.0658077942868875,-0.0538302953211813,0.00900387904082003,-0.0939963415208402,0.0149978086705517,-0.0449685041909934,0.0890142152839337,0.0221064332784596,0.466824172908033,0.157557455824997,0.182487282708521,0.0789806275046506,0.356184804029832,1,0.65984876723144,0.101573163168165,0.278120085830108,0.0140320739410588,0.0103905327783719,-0.0758937806663645,-0.0102743751531645,0.0669795085803764,-0.032621022612498
"sROI_headthickness07",0.0180835521463044,-0.0566821809739055,-0.10684358450283,-0.0877369610535313,-0.0748057309386558,-0.0830508984749835,-0.0580305309075891,-0.0344034209164121,-0.0259326803531057,-0.0294474464965247,0.101390983104975,0.139174722924811,-0.143800469030717,0.0368829164168557,-0.0373408807741068,-0.0941821135925346,-0.0100959320182641,0.0100959320182641,-0.0374824940261953,-0.0930830897363243,-0.0814228373245349,-0.0674313433437256,-0.000133344581382381,-0.00143203796873426,-0.0944833216796867,-0.0698601598238587,0.100649754754962,-0.158690251829423,0.301527155055227,0.169801160107379,0.0108655642445776,-0.0438943568447503,0.247519079659526,0.65984876723144,1,-0.0305262523028994,0.26012645123491,-0.141668606441886,0.0471513999176576,-0.0232616562342262,0.0154185834891759,-0.0227839228798921,-0.0720207884840218
"sROI_headthickness08",-0.0774039449119836,0.0984309929229094,0.421425540044799,0.438707807889207,0.392040801948331,0.38223514129831,0.216695058382278,0.272914244406687,0.263901900274893,0.195816360664628,-0.152689974792742,-0.121101907079014,0.190103616601135,0.0770046957150083,-0.224164066790473,-0.123374689030669,-0.23084035600413,0.23084035600413,0.0121024833145294,0.0434008688948217,0.0518987308050494,0.0182357058181372,-0.0290815034933125,-0.083138940518439,0.0507908934482972,-0.0189391024836407,-0.036290986744768,0.700462537928258,0.713248522583913,0.737727085079208,0.609695713313642,0.954152562008218,0.047995161195716,0.101573163168165,-0.0305262523028994,1,-0.0510175369678314,0.432006306801876,-0.0734789375799641,-0.083586646618494,-0.033119965919946,0.0893140610140204,-0.0237413683131001
"sROI_headthickness09",0.0483464394317372,-0.0772705969906642,-0.0278544654233832,-0.0240612493999376,-0.0388730909564776,-0.00423167715580876,-0.171615770819419,-0.0634775255274052,-0.0637020178657684,-0.0158658402249212,0.044060487457788,0.0386083256986189,-0.0571755755293548,0.0566013491222613,0.0032172688221729,-0.0239810948309351,0.0328972082213622,-0.0328972082213622,-0.073764600761908,-0.115644050004401,-0.226425450609701,-0.158298400791927,-0.00753128101713629,-0.205736638447989,-0.148829928898495,-0.143443050428001,0.562839647948267,-0.100703945750627,0.416878885541009,0.023461589166373,0.194423260357674,-0.0816172342218187,0.437051864121416,0.278120085830108,0.26012645123491,-0.0510175369678314,1,-0.0273243994094789,0.0215655714451684,0.0327190439388111,0.0238630513539829,0.0272751993093746,-0.0712646995860735
"waist",0.0279702948506889,0.0284715436587214,0.82780384869768,0.836650930811884,0.822699788402005,0.765757291368833,0.142868889935937,0.291230796916841,0.286809830301967,0.266359291796974,-0.126347179008939,-0.0916189891682456,0.14577921970345,0.07657287919582,-0.0900723124652353,0.015259254948447,-0.0918946656171601,0.0918946656171601,0.0879987849828954,0.0870435655477459,0.134785113111013,0.0656980507063708,0.037597728781231,-0.00625105106166295,0.0915976540327783,0.0427748881865781,0.0146226859122623,0.639610643888809,0.444256432325319,0.447956588202433,0.581212311048077,0.432821188165307,-0.00153919459851338,0.0140320739410588,-0.141668606441886,0.432006306801876,-0.0273243994094789,1,-0.0643630817678763,-0.0954319451259194,-0.0290420173611569,0.204302476760801,-0.0423877007823723
"walk",-0.00657963779609381,0.0371715994187423,-0.0948892407897683,-0.126002619146019,-0.135208857409756,-0.0449439240295145,-0.0204533247420368,0.00591841369432572,0.0112663429737853,-0.0255759649865469,-0.00104192626513759,0.0120308635606116,-0.0124379183740804,-0.0352843556716853,-0.00430057815847794,-0.0199308738834144,0.0100549944136043,-0.0100549944136043,-0.0116140517006028,-0.0348787935351911,0.0171430078374314,-0.0186843692542244,0.0334310704292736,-0.0201303975140395,0.0300864989202812,-0.0204955258694589,-0.00707163659629581,-0.0913756666811484,-0.0729878356629397,-0.0485086408664968,-0.0937964832587264,-0.0941351091585035,0.0155531942373046,0.0103905327783719,0.0471513999176576,-0.0734789375799641,0.0215655714451684,-0.0643630817678763,1,0.361036496841081,0.161597489770896,-0.0179919491127499,0.0288693530168654
"moderate_PA",0.177930101302883,-0.0500666329620826,-0.0980944120067468,-0.123562317467645,-0.117818855855896,-0.0596041213996132,-0.103936029257708,-0.0671045567135501,-0.0620346167610634,-0.0404316461850838,-0.133765827728871,-0.0312671459537957,0.11788666385604,-0.102332158989165,0.0137604030944306,-0.00227717406653534,0.0203263597921926,-0.0203263597921926,-0.109104558355975,-0.0980118121570143,-0.0845646074616095,-0.124359353341303,-0.0404821070625668,-0.0225249404516218,0.0434029359465136,-0.128357356738617,-0.0435596353915097,-0.109166305169766,-0.108963542485629,-0.109304785226018,-0.138674956055432,-0.099556868896724,-0.00427224146589516,-0.0758937806663645,-0.0232616562342262,-0.083586646618494,0.0327190439388111,-0.0954319451259194,0.361036496841081,1,0.267734301862874,-0.0573513795839917,0.099425566701574
"vigorous_PA",0.032872957199341,0.0506379978133425,-0.0483108930875335,-0.0678916277888454,-0.0878248907061826,-0.0144381372543261,-0.0386491754298387,0.0413542847561486,0.0385768885502433,0.0962974380892301,0.042572268896028,0.105293121513931,-0.079477054603169,0.00675683273389447,0.00317770118273621,-0.0361762383042971,0.0293528884037716,-0.0293528884037716,0.00939164198215627,0.0222864686551373,0.0592639329448539,-0.0165210091861463,-0.0478124526959865,0.00551989012870963,0.0708009568290476,-0.00713167761129375,-0.0160444445894303,-0.0333523029092056,0.00402522679393595,-0.00524593327459254,-0.0186552531153031,-0.0324466502339604,0.076059956191902,-0.0102743751531645,0.0154185834891759,-0.033119965919946,0.0238630513539829,-0.0290420173611569,0.161597489770896,0.267734301862874,1,0.0182706845185839,0.044672539760277
"smoking",0.104639942588103,-0.0204668404382253,0.253746016271117,0.201680686972641,0.217060604957498,0.174073088145085,0.0316494779863504,0.0793890945870818,0.0713836781286179,0.090877429061488,-0.151736906306127,-0.127443453887669,0.185641593877898,0.0615111252041926,0.0300456005428015,0.0531395461132224,-0.018996670415611,0.018996670415611,0.0284765050304019,-0.0101432769337829,0.0649463199669517,0.0108508772912817,0.00244137258076623,-0.0112986747380021,0.0710480014027973,0.0217591039992153,0.0180994650533331,0.207084279645876,0.112579421928297,0.0994125725300417,0.137011650931233,0.0980527598006107,-0.0100062223053403,0.0669795085803764,-0.0227839228798921,0.0893140610140204,0.0272751993093746,0.204302476760801,-0.0179919491127499,-0.0573513795839917,0.0182706845185839,1,0.141870497196994
"r_alcohol",0.135972885306254,0.0307550936262935,0.00310817627292659,-0.0819271555740008,-0.0348101482300795,-0.177972701011095,-0.069557735944724,-0.0276543740554004,-0.0293644736005462,-0.0441255204272975,-0.216363836216447,-0.122119557863563,0.212572811222847,0.0396650151938536,0.113807939057019,0.108405903307499,0.0954193513370626,-0.0954193513370626,-0.0532613370749231,-0.0972084877887027,0.00876895985351274,-0.0548844503725576,0.0500745291484122,0.00695365516764736,0.0513656097542629,-0.0569107295606706,-0.0429476717919625,0.00730403256252821,-0.0817259052282078,-0.135885470706313,-0.0887524319031636,-0.0219589332392119,0.00903207675347347,-0.032621022612498,-0.0720207884840218,-0.0237413683131001,-0.0712646995860735,-0.0423877007823723,0.0288693530168654,0.099425566701574,0.044672539760277,0.141870497196994,1
